0.000 0.0 1.0
0.100 0.0 1.0
0.200 0.0 1.0
0.300 0.0 1.0
0.400 0.0 1.0
0.500 0.0 1.0
0.600 0.0 1.0
0.700 0.0 1.0
0.800 0.0 1.0
0.900 0.0 1.0
1.000 0.0 1.0
1.100 0.0 1.0
1.200 0.0 1.0
1.300 0.0 1.0
1.400 0.001 0.999
1.500 0.001 0.999
1.600 0.001 0.999
1.700 0.001 0.999
1.800 0.001 0.999
1.900 0.001 0.999
2.000 0.001 0.999
2.100 0.001 0.999
2.200 0.001 0.999
2.300 0.001 0.999
2.400 0.001 0.999
2.500 0.001 0.999
2.600 0.001 0.999
2.700 0.001 0.999
2.800 0.001 0.999
2.900 0.001 0.999
3.000 0.001 0.999
3.100 0.001 0.999
3.200 0.001 0.999
3.300 0.001 0.999
3.400 0.001 0.999
3.500 0.001 0.999
3.600 0.001 0.999
3.700 0.001 0.999
3.800 0.001 0.999
3.900 0.001 0.999
4.000 0.001 0.999
4.100 0.001 0.999
4.200 0.001 0.999
4.300 0.001 0.999
4.400 0.001 0.999
4.500 0.001 0.999
4.600 0.002 0.998
4.700 0.002 0.998
4.800 0.002 0.998
4.900 0.002 0.998
5.000 0.004 0.996
5.100 0.004 0.996
5.200 0.004 0.996
5.300 0.004 0.996
5.400 0.004 0.996
5.500 0.005 0.995
5.600 0.006 0.994
5.700 0.006 0.994
5.800 0.008 0.992
5.900 0.009 0.991
6.000 0.014 0.986
6.100 0.015 0.985
6.200 0.018 0.982
6.300 0.025 0.975
6.400 0.034 0.966
6.500 0.049 0.951
6.600 0.058 0.942
6.700 0.071 0.929
6.800 0.082 0.918
6.900 0.093 0.907
7.000 0.11 0.89
7.100 0.128 0.872
7.200 0.143 0.857
7.300 0.163 0.837
7.400 0.187 0.813
7.500 0.21 0.79
7.600 0.227 0.773
7.700 0.253 0.747
7.800 0.278 0.722
7.900 0.299 0.701
8.000 0.323 0.677
8.100 0.343 0.657
8.200 0.367 0.633
8.300 0.393 0.607
8.400 0.413 0.587
8.500 0.437 0.563
8.600 0.456 0.544
8.700 0.466 0.534
8.800 0.482 0.518
8.900 0.501 0.499
9.000 0.527 0.473
9.100 0.545 0.455
9.200 0.558 0.442
9.300 0.569 0.431
9.400 0.574 0.426
9.500 0.582 0.418
9.600 0.591 0.409
9.700 0.598 0.402
9.800 0.61 0.39
9.900 0.612 0.388
10.000 0.62 0.38
10.100 0.624 0.376
10.200 0.629 0.371
10.300 0.635 0.365
10.400 0.639 0.361
10.500 0.646 0.354
10.600 0.654 0.346
10.700 0.661 0.339
10.800 0.667 0.333
10.900 0.671 0.329
11.000 0.679 0.321
11.100 0.687 0.313
11.200 0.694 0.306
11.300 0.701 0.299
11.400 0.707 0.293
11.500 0.713 0.287
11.600 0.721 0.279
11.700 0.73 0.27
11.800 0.732 0.268
11.900 0.739 0.261
12.000 0.748 0.252
12.100 0.754 0.246
12.200 0.761 0.239
12.300 0.765 0.235
12.400 0.767 0.233
12.500 0.768 0.232
12.600 0.775 0.225
12.700 0.781 0.219
12.800 0.782 0.218
12.900 0.784 0.216
13.000 0.788 0.212
13.100 0.79 0.21
13.200 0.793 0.207
13.300 0.794 0.206
13.400 0.794 0.206
13.500 0.793 0.207
13.600 0.792 0.208
13.700 0.793 0.207
13.800 0.791 0.209
13.900 0.791 0.209
14.000 0.792 0.208
14.100 0.791 0.209
14.200 0.786 0.214
14.300 0.785 0.215
14.400 0.783 0.217
14.500 0.78 0.22
14.600 0.775 0.225
14.700 0.771 0.229
14.800 0.767 0.233
14.900 0.764 0.236
15.000 0.763 0.237
15.100 0.757 0.243
15.200 0.755 0.245
15.300 0.755 0.245
15.400 0.754 0.246
15.500 0.755 0.245
15.600 0.753 0.247
15.700 0.753 0.247
15.800 0.748 0.252
15.900 0.742 0.258
16.000 0.742 0.258
16.100 0.742 0.258
16.200 0.739 0.261
16.300 0.734 0.266
16.400 0.734 0.266
16.500 0.734 0.266
16.600 0.727 0.273
16.700 0.725 0.275
16.800 0.726 0.274
16.900 0.726 0.274
17.000 0.725 0.275
17.100 0.722 0.278
17.200 0.72 0.28
17.300 0.719 0.281
17.400 0.718 0.282
17.500 0.718 0.282
17.600 0.716 0.284
17.700 0.716 0.284
17.800 0.716 0.284
17.900 0.715 0.285
18.000 0.715 0.285
18.100 0.715 0.285
18.200 0.715 0.285
18.300 0.714 0.286
18.400 0.714 0.286
18.500 0.714 0.286
18.600 0.714 0.286
18.700 0.714 0.286
18.800 0.713 0.287
18.900 0.713 0.287
19.000 0.713 0.287
19.100 0.713 0.287
19.200 0.713 0.287
19.300 0.713 0.287
19.400 0.714 0.286
19.500 0.714 0.286
19.600 0.714 0.286
19.700 0.714 0.286
19.800 0.714 0.286
19.900 0.714 0.286
20.000 0.714 0.286
20.100 0.714 0.286
20.200 0.714 0.286
20.300 0.714 0.286
20.400 0.714 0.286
20.500 0.714 0.286
20.600 0.714 0.286
20.700 0.714 0.286
20.800 0.714 0.286
20.900 0.714 0.286
21.000 0.714 0.286
21.100 0.714 0.286
21.200 0.714 0.286
21.300 0.714 0.286
21.400 0.714 0.286
21.500 0.714 0.286
21.600 0.714 0.286
21.700 0.714 0.286
21.800 0.714 0.286
21.900 0.714 0.286
22.000 0.714 0.286
22.100 0.714 0.286
22.200 0.714 0.286
22.300 0.714 0.286
22.400 0.714 0.286
22.500 0.714 0.286
22.600 0.714 0.286
22.700 0.715 0.285
22.800 0.715 0.285
22.900 0.715 0.285
23.000 0.715 0.285
23.100 0.715 0.285
23.200 0.716 0.284
23.300 0.716 0.284
23.400 0.716 0.284
23.500 0.716 0.284
23.600 0.717 0.283
23.700 0.719 0.281
23.800 0.72 0.28
23.900 0.72 0.28
24.000 0.721 0.279
24.100 0.721 0.279
24.200 0.721 0.279
24.300 0.724 0.276
24.400 0.726 0.274
24.500 0.728 0.272
24.600 0.729 0.271
24.700 0.732 0.268
24.800 0.735 0.265
24.900 0.736 0.264
25.000 0.74 0.26
25.100 0.742 0.258
25.200 0.746 0.254
25.300 0.746 0.254
25.400 0.747 0.253
25.500 0.75 0.25
25.600 0.751 0.249
25.700 0.755 0.245
25.800 0.759 0.241
25.900 0.762 0.238
26.000 0.767 0.233
26.100 0.77 0.23
26.200 0.777 0.223
26.300 0.778 0.222
26.400 0.782 0.218
26.500 0.786 0.214
26.600 0.791 0.209
26.700 0.793 0.207
26.800 0.795 0.205
26.900 0.799 0.201
27.000 0.799 0.201
27.100 0.803 0.197
27.200 0.807 0.193
27.300 0.812 0.188
27.400 0.816 0.184
27.500 0.816 0.184
27.600 0.818 0.182
27.700 0.817 0.183
27.800 0.819 0.181
27.900 0.826 0.174
28.000 0.827 0.173
28.100 0.829 0.171
28.200 0.836 0.164
28.300 0.839 0.161
28.400 0.839 0.161
28.500 0.84 0.16
28.600 0.843 0.157
28.700 0.845 0.155
28.800 0.85 0.15
28.900 0.851 0.149
29.000 0.855 0.145
29.100 0.856 0.144
29.200 0.859 0.141
29.300 0.86 0.14
29.400 0.862 0.138
29.500 0.864 0.136
29.600 0.867 0.133
29.700 0.868 0.132
29.800 0.869 0.131
29.900 0.874 0.126
30.000 0.875 0.125
30.100 0.877 0.123
30.200 0.88 0.12
30.300 0.884 0.116
30.400 0.884 0.116
30.500 0.885 0.115
30.600 0.888 0.112
30.700 0.889 0.111
30.800 0.89 0.11
30.900 0.891 0.109
31.000 0.892 0.108
31.100 0.894 0.106
31.200 0.895 0.105
31.300 0.897 0.103
31.400 0.899 0.101
31.500 0.901 0.099
31.600 0.901 0.099
31.700 0.903 0.097
31.800 0.906 0.094
31.900 0.907 0.093
32.000 0.907 0.093
32.100 0.906 0.094
32.200 0.908 0.092
32.300 0.908 0.092
32.400 0.908 0.092
32.500 0.908 0.092
32.600 0.91 0.09
32.700 0.912 0.088
32.800 0.911 0.089
32.900 0.912 0.088
33.000 0.911 0.089
33.100 0.911 0.089
33.200 0.911 0.089
33.300 0.91 0.09
33.400 0.911 0.089
33.500 0.911 0.089
33.600 0.911 0.089
33.700 0.911 0.089
33.800 0.91 0.09
33.900 0.909 0.091
34.000 0.91 0.09
34.100 0.91 0.09
34.200 0.911 0.089
34.300 0.91 0.09
34.400 0.909 0.091
34.500 0.908 0.092
34.600 0.907 0.093
34.700 0.906 0.094
34.800 0.907 0.093
34.900 0.907 0.093
35.000 0.908 0.092
35.100 0.909 0.091
35.200 0.909 0.091
35.300 0.908 0.092
35.400 0.908 0.092
35.500 0.908 0.092
35.600 0.907 0.093
35.700 0.907 0.093
35.800 0.908 0.092
35.900 0.907 0.093
36.000 0.906 0.094
36.100 0.905 0.095
36.200 0.905 0.095
36.300 0.905 0.095
36.400 0.905 0.095
36.500 0.905 0.095
36.600 0.904 0.096
36.700 0.904 0.096
36.800 0.904 0.096
36.900 0.904 0.096
37.000 0.904 0.096
37.100 0.903 0.097
37.200 0.902 0.098
37.300 0.9 0.1
37.400 0.9 0.1
37.500 0.9 0.1
37.600 0.9 0.1
37.700 0.9 0.1
37.800 0.9 0.1
37.900 0.899 0.101
38.000 0.899 0.101
38.100 0.897 0.103
38.200 0.897 0.103
38.300 0.897 0.103
38.400 0.897 0.103
38.500 0.897 0.103
38.600 0.897 0.103
38.700 0.897 0.103
38.800 0.897 0.103
38.900 0.897 0.103
39.000 0.897 0.103
39.100 0.897 0.103
39.200 0.897 0.103
39.300 0.898 0.102
39.400 0.898 0.102
39.500 0.898 0.102
39.600 0.898 0.102
39.700 0.898 0.102
39.800 0.898 0.102
39.900 0.898 0.102
40.000 0.899 0.101
40.100 0.899 0.101
40.200 0.899 0.101
40.300 0.899 0.101
40.400 0.899 0.101
40.500 0.899 0.101
40.600 0.899 0.101
40.700 0.899 0.101
40.800 0.899 0.101
40.900 0.899 0.101
41.000 0.899 0.101
41.100 0.899 0.101
41.200 0.899 0.101
41.300 0.9 0.1
41.400 0.9 0.1
41.500 0.9 0.1
41.600 0.901 0.099
41.700 0.901 0.099
41.800 0.902 0.098
41.900 0.902 0.098
42.000 0.902 0.098
42.100 0.902 0.098
42.200 0.902 0.098
42.300 0.902 0.098
42.400 0.902 0.098
42.500 0.902 0.098
42.600 0.902 0.098
42.700 0.902 0.098
42.800 0.902 0.098
42.900 0.902 0.098
43.000 0.903 0.097
43.100 0.905 0.095
43.200 0.906 0.094
43.300 0.906 0.094
43.400 0.906 0.094
43.500 0.906 0.094
43.600 0.906 0.094
43.700 0.908 0.092
43.800 0.909 0.091
43.900 0.909 0.091
44.000 0.909 0.091
44.100 0.91 0.09
44.200 0.909 0.091
44.300 0.909 0.091
44.400 0.91 0.09
44.500 0.911 0.089
44.600 0.911 0.089
44.700 0.911 0.089
44.800 0.912 0.088
44.900 0.913 0.087
45.000 0.914 0.086
45.100 0.915 0.085
45.200 0.915 0.085
45.300 0.916 0.084
45.400 0.917 0.083
45.500 0.917 0.083
45.600 0.918 0.082
45.700 0.919 0.081
45.800 0.919 0.081
45.900 0.919 0.081
46.000 0.92 0.08
46.100 0.921 0.079
46.200 0.926 0.074
46.300 0.927 0.073
46.400 0.927 0.073
46.500 0.927 0.073
46.600 0.927 0.073
46.700 0.927 0.073
46.800 0.928 0.072
46.900 0.929 0.071
47.000 0.929 0.071
47.100 0.929 0.071
47.200 0.93 0.07
47.300 0.93 0.07
47.400 0.931 0.069
47.500 0.931 0.069
47.600 0.931 0.069
47.700 0.931 0.069
47.800 0.931 0.069
47.900 0.933 0.067
48.000 0.933 0.067
48.100 0.933 0.067
48.200 0.933 0.067
48.300 0.934 0.066
48.400 0.934 0.066
48.500 0.935 0.065
48.600 0.935 0.065
48.700 0.935 0.065
48.800 0.934 0.066
48.900 0.934 0.066
49.000 0.934 0.066
49.100 0.934 0.066
49.200 0.935 0.065
49.300 0.936 0.064
49.400 0.936 0.064
49.500 0.936 0.064
49.600 0.937 0.063
49.700 0.938 0.062
49.800 0.938 0.062
49.900 0.938 0.062
50.000 0.938 0.062
50.100 0.938 0.062
50.200 0.939 0.061
50.300 0.939 0.061
50.400 0.942 0.058
50.500 0.942 0.058
50.600 0.944 0.056
50.700 0.944 0.056
50.800 0.944 0.056
50.900 0.945 0.055
51.000 0.946 0.054
51.100 0.946 0.054
51.200 0.946 0.054
51.300 0.946 0.054
51.400 0.946 0.054
51.500 0.947 0.053
51.600 0.947 0.053
51.700 0.948 0.052
51.800 0.947 0.053
51.900 0.947 0.053
52.000 0.946 0.054
52.100 0.947 0.053
52.200 0.946 0.054
52.300 0.946 0.054
52.400 0.945 0.055
52.500 0.945 0.055
52.600 0.945 0.055
52.700 0.945 0.055
52.800 0.945 0.055
52.900 0.945 0.055
53.000 0.946 0.054
53.100 0.946 0.054
53.200 0.946 0.054
53.300 0.946 0.054
53.400 0.947 0.053
53.500 0.947 0.053
53.600 0.947 0.053
53.700 0.947 0.053
53.800 0.948 0.052
53.900 0.948 0.052
54.000 0.949 0.051
54.100 0.949 0.051
54.200 0.949 0.051
54.300 0.949 0.051
54.400 0.949 0.051
54.500 0.949 0.051
54.600 0.949 0.051
54.700 0.949 0.051
54.800 0.949 0.051
54.900 0.949 0.051
55.000 0.949 0.051
55.100 0.949 0.051
55.200 0.949 0.051
55.300 0.949 0.051
55.400 0.949 0.051
55.500 0.949 0.051
55.600 0.948 0.052
55.700 0.948 0.052
55.800 0.948 0.052
55.900 0.948 0.052
56.000 0.948 0.052
56.100 0.948 0.052
56.200 0.948 0.052
56.300 0.948 0.052
56.400 0.948 0.052
56.500 0.948 0.052
56.600 0.948 0.052
56.700 0.948 0.052
56.800 0.948 0.052
56.900 0.948 0.052
57.000 0.947 0.053
57.100 0.947 0.053
57.200 0.947 0.053
57.300 0.947 0.053
57.400 0.947 0.053
57.500 0.947 0.053
57.600 0.947 0.053
57.700 0.947 0.053
57.800 0.947 0.053
57.900 0.947 0.053
58.000 0.947 0.053
58.100 0.947 0.053
58.200 0.947 0.053
58.300 0.947 0.053
58.400 0.947 0.053
58.500 0.947 0.053
58.600 0.947 0.053
58.700 0.947 0.053
58.800 0.947 0.053
58.900 0.947 0.053
59.000 0.947 0.053
59.100 0.947 0.053
59.200 0.947 0.053
59.300 0.947 0.053
59.400 0.947 0.053
59.500 0.947 0.053
59.600 0.947 0.053
59.700 0.947 0.053
59.800 0.947 0.053
59.900 0.947 0.053
60.000 0.947 0.053
