0.000 0.0 1.0
0.100 0.0 1.0
0.200 0.0 1.0
0.300 0.0 1.0
0.400 0.0 1.0
0.500 0.0 1.0
0.600 0.0 1.0
0.700 0.0 1.0
0.800 0.0 1.0
0.900 0.0 1.0
1.000 0.0 1.0
1.100 0.0 1.0
1.200 0.0 1.0
1.300 0.0 1.0
1.400 0.0 1.0
1.500 0.0 1.0
1.600 0.0 1.0
1.700 0.0 1.0
1.800 0.0 1.0
1.900 0.0 1.0
2.000 0.0 1.0
2.100 0.0 1.0
2.200 0.0 1.0
2.300 0.0 1.0
2.400 0.0 1.0
2.500 0.0 1.0
2.600 0.0 1.0
2.700 0.0 1.0
2.800 0.0 1.0
2.900 0.0 1.0
3.000 0.0 1.0
3.100 0.0 1.0
3.200 0.0 1.0
3.300 0.0 1.0
3.400 0.0 1.0
3.500 0.0 1.0
3.600 0.001 0.999
3.700 0.001 0.999
3.800 0.001 0.999
3.900 0.001 0.999
4.000 0.001 0.999
4.100 0.001 0.999
4.200 0.001 0.999
4.300 0.001 0.999
4.400 0.001 0.999
4.500 0.001 0.999
4.600 0.001 0.999
4.700 0.001 0.999
4.800 0.001 0.999
4.900 0.001 0.999
5.000 0.001 0.999
5.100 0.001 0.999
5.200 0.002 0.998
5.300 0.002 0.998
5.400 0.006 0.994
5.500 0.007 0.993
5.600 0.008 0.992
5.700 0.008 0.992
5.800 0.011 0.989
5.900 0.015 0.985
6.000 0.017 0.983
6.100 0.022 0.978
6.200 0.028 0.972
6.300 0.038 0.962
6.400 0.044 0.956
6.500 0.054 0.946
6.600 0.061 0.939
6.700 0.069 0.931
6.800 0.082 0.918
6.900 0.092 0.908
7.000 0.108 0.892
7.100 0.132 0.868
7.200 0.152 0.848
7.300 0.177 0.823
7.400 0.187 0.813
7.500 0.212 0.788
7.600 0.227 0.773
7.700 0.249 0.751
7.800 0.274 0.726
7.900 0.302 0.698
8.000 0.328 0.672
8.100 0.356 0.644
8.200 0.377 0.623
8.300 0.398 0.602
8.400 0.424 0.576
8.500 0.443 0.557
8.600 0.459 0.541
8.700 0.482 0.518
8.800 0.5 0.5
8.900 0.516 0.484
9.000 0.531 0.469
9.100 0.546 0.454
9.200 0.566 0.434
9.300 0.577 0.423
9.400 0.593 0.407
9.500 0.601 0.399
9.600 0.606 0.394
9.700 0.615 0.385
9.800 0.623 0.377
9.900 0.635 0.365
10.000 0.64 0.36
10.100 0.644 0.356
10.200 0.651 0.349
10.300 0.655 0.345
10.400 0.664 0.336
10.500 0.67 0.33
10.600 0.671 0.329
10.700 0.675 0.325
10.800 0.683 0.317
10.900 0.689 0.311
11.000 0.692 0.308
11.100 0.699 0.301
11.200 0.704 0.296
11.300 0.712 0.288
11.400 0.719 0.281
11.500 0.726 0.274
11.600 0.735 0.265
11.700 0.739 0.261
11.800 0.745 0.255
11.900 0.752 0.248
12.000 0.758 0.242
12.100 0.766 0.234
12.200 0.771 0.229
12.300 0.776 0.224
12.400 0.781 0.219
12.500 0.784 0.216
12.600 0.788 0.212
12.700 0.794 0.206
12.800 0.798 0.202
12.900 0.802 0.198
13.000 0.803 0.197
13.100 0.806 0.194
13.200 0.807 0.193
13.300 0.808 0.192
13.400 0.808 0.192
13.500 0.811 0.189
13.600 0.814 0.186
13.700 0.815 0.185
13.800 0.814 0.186
13.900 0.812 0.188
14.000 0.812 0.188
14.100 0.807 0.193
14.200 0.803 0.197
14.300 0.798 0.202
14.400 0.795 0.205
14.500 0.793 0.207
14.600 0.79 0.21
14.700 0.786 0.214
14.800 0.783 0.217
14.900 0.778 0.222
15.000 0.775 0.225
15.100 0.773 0.227
15.200 0.768 0.232
15.300 0.767 0.233
15.400 0.766 0.234
15.500 0.764 0.236
15.600 0.763 0.237
15.700 0.758 0.242
15.800 0.754 0.246
15.900 0.752 0.248
16.000 0.748 0.252
16.100 0.743 0.257
16.200 0.742 0.258
16.300 0.739 0.261
16.400 0.736 0.264
16.500 0.737 0.263
16.600 0.737 0.263
16.700 0.734 0.266
16.800 0.734 0.266
16.900 0.734 0.266
17.000 0.73 0.27
17.100 0.728 0.272
17.200 0.725 0.275
17.300 0.724 0.276
17.400 0.724 0.276
17.500 0.724 0.276
17.600 0.722 0.278
17.700 0.722 0.278
17.800 0.72 0.28
17.900 0.72 0.28
18.000 0.72 0.28
18.100 0.72 0.28
18.200 0.72 0.28
18.300 0.72 0.28
18.400 0.719 0.281
18.500 0.719 0.281
18.600 0.718 0.282
18.700 0.718 0.282
18.800 0.717 0.283
18.900 0.717 0.283
19.000 0.717 0.283
19.100 0.717 0.283
19.200 0.717 0.283
19.300 0.716 0.284
19.400 0.716 0.284
19.500 0.716 0.284
19.600 0.716 0.284
19.700 0.716 0.284
19.800 0.716 0.284
19.900 0.716 0.284
20.000 0.717 0.283
20.100 0.717 0.283
20.200 0.717 0.283
20.300 0.717 0.283
20.400 0.717 0.283
20.500 0.717 0.283
20.600 0.717 0.283
20.700 0.717 0.283
20.800 0.717 0.283
20.900 0.717 0.283
21.000 0.717 0.283
21.100 0.717 0.283
21.200 0.717 0.283
21.300 0.717 0.283
21.400 0.717 0.283
21.500 0.717 0.283
21.600 0.717 0.283
21.700 0.717 0.283
21.800 0.717 0.283
21.900 0.717 0.283
22.000 0.717 0.283
22.100 0.717 0.283
22.200 0.717 0.283
22.300 0.717 0.283
22.400 0.717 0.283
22.500 0.717 0.283
22.600 0.717 0.283
22.700 0.717 0.283
22.800 0.717 0.283
22.900 0.717 0.283
23.000 0.718 0.282
23.100 0.718 0.282
23.200 0.719 0.281
23.300 0.72 0.28
23.400 0.72 0.28
23.500 0.722 0.278
23.600 0.723 0.277
23.700 0.723 0.277
23.800 0.723 0.277
23.900 0.723 0.277
24.000 0.725 0.275
24.100 0.726 0.274
24.200 0.727 0.273
24.300 0.727 0.273
24.400 0.729 0.271
24.500 0.73 0.27
24.600 0.734 0.266
24.700 0.737 0.263
24.800 0.741 0.259
24.900 0.741 0.259
25.000 0.745 0.255
25.100 0.747 0.253
25.200 0.754 0.246
25.300 0.757 0.243
25.400 0.759 0.241
25.500 0.759 0.241
25.600 0.762 0.238
25.700 0.765 0.235
25.800 0.766 0.234
25.900 0.769 0.231
26.000 0.772 0.228
26.100 0.775 0.225
26.200 0.778 0.222
26.300 0.777 0.223
26.400 0.782 0.218
26.500 0.787 0.213
26.600 0.793 0.207
26.700 0.796 0.204
26.800 0.799 0.201
26.900 0.802 0.198
27.000 0.803 0.197
27.100 0.806 0.194
27.200 0.806 0.194
27.300 0.808 0.192
27.400 0.811 0.189
27.500 0.816 0.184
27.600 0.82 0.18
27.700 0.825 0.175
27.800 0.827 0.173
27.900 0.829 0.171
28.000 0.831 0.169
28.100 0.835 0.165
28.200 0.837 0.163
28.300 0.842 0.158
28.400 0.844 0.156
28.500 0.847 0.153
28.600 0.848 0.152
28.700 0.851 0.149
28.800 0.851 0.149
28.900 0.855 0.145
29.000 0.858 0.142
29.100 0.86 0.14
29.200 0.863 0.137
29.300 0.865 0.135
29.400 0.865 0.135
29.500 0.868 0.132
29.600 0.87 0.13
29.700 0.872 0.128
29.800 0.875 0.125
29.900 0.878 0.122
30.000 0.883 0.117
30.100 0.886 0.114
30.200 0.886 0.114
30.300 0.887 0.113
30.400 0.888 0.112
30.500 0.89 0.11
30.600 0.891 0.109
30.700 0.894 0.106
30.800 0.897 0.103
30.900 0.898 0.102
31.000 0.898 0.102
31.100 0.9 0.1
31.200 0.901 0.099
31.300 0.903 0.097
31.400 0.904 0.096
31.500 0.905 0.095
31.600 0.907 0.093
31.700 0.907 0.093
31.800 0.908 0.092
31.900 0.907 0.093
32.000 0.908 0.092
32.100 0.91 0.09
32.200 0.913 0.087
32.300 0.913 0.087
32.400 0.913 0.087
32.500 0.913 0.087
32.600 0.912 0.088
32.700 0.911 0.089
32.800 0.911 0.089
32.900 0.909 0.091
33.000 0.911 0.089
33.100 0.911 0.089
33.200 0.911 0.089
33.300 0.911 0.089
33.400 0.911 0.089
33.500 0.913 0.087
33.600 0.913 0.087
33.700 0.913 0.087
33.800 0.914 0.086
33.900 0.914 0.086
34.000 0.914 0.086
34.100 0.912 0.088
34.200 0.912 0.088
34.300 0.912 0.088
34.400 0.912 0.088
34.500 0.912 0.088
34.600 0.912 0.088
34.700 0.912 0.088
34.800 0.912 0.088
34.900 0.912 0.088
35.000 0.912 0.088
35.100 0.911 0.089
35.200 0.911 0.089
35.300 0.911 0.089
35.400 0.91 0.09
35.500 0.91 0.09
35.600 0.91 0.09
35.700 0.91 0.09
35.800 0.908 0.092
35.900 0.907 0.093
36.000 0.907 0.093
36.100 0.907 0.093
36.200 0.907 0.093
36.300 0.906 0.094
36.400 0.905 0.095
36.500 0.905 0.095
36.600 0.905 0.095
36.700 0.905 0.095
36.800 0.904 0.096
36.900 0.904 0.096
37.000 0.903 0.097
37.100 0.903 0.097
37.200 0.903 0.097
37.300 0.903 0.097
37.400 0.903 0.097
37.500 0.903 0.097
37.600 0.903 0.097
37.700 0.903 0.097
37.800 0.903 0.097
37.900 0.903 0.097
38.000 0.902 0.098
38.100 0.903 0.097
38.200 0.903 0.097
38.300 0.903 0.097
38.400 0.903 0.097
38.500 0.903 0.097
38.600 0.903 0.097
38.700 0.903 0.097
38.800 0.904 0.096
38.900 0.904 0.096
39.000 0.904 0.096
39.100 0.904 0.096
39.200 0.904 0.096
39.300 0.904 0.096
39.400 0.904 0.096
39.500 0.904 0.096
39.600 0.904 0.096
39.700 0.904 0.096
39.800 0.904 0.096
39.900 0.903 0.097
40.000 0.903 0.097
40.100 0.903 0.097
40.200 0.903 0.097
40.300 0.903 0.097
40.400 0.903 0.097
40.500 0.903 0.097
40.600 0.903 0.097
40.700 0.903 0.097
40.800 0.903 0.097
40.900 0.903 0.097
41.000 0.903 0.097
41.100 0.903 0.097
41.200 0.904 0.096
41.300 0.904 0.096
41.400 0.904 0.096
41.500 0.904 0.096
41.600 0.904 0.096
41.700 0.904 0.096
41.800 0.904 0.096
41.900 0.904 0.096
42.000 0.904 0.096
42.100 0.904 0.096
42.200 0.904 0.096
42.300 0.904 0.096
42.400 0.904 0.096
42.500 0.904 0.096
42.600 0.904 0.096
42.700 0.904 0.096
42.800 0.905 0.095
42.900 0.905 0.095
43.000 0.905 0.095
43.100 0.905 0.095
43.200 0.905 0.095
43.300 0.907 0.093
43.400 0.908 0.092
43.500 0.908 0.092
43.600 0.908 0.092
43.700 0.908 0.092
43.800 0.908 0.092
43.900 0.909 0.091
44.000 0.912 0.088
44.100 0.912 0.088
44.200 0.914 0.086
44.300 0.914 0.086
44.400 0.914 0.086
44.500 0.914 0.086
44.600 0.914 0.086
44.700 0.914 0.086
44.800 0.914 0.086
44.900 0.915 0.085
45.000 0.915 0.085
45.100 0.915 0.085
45.200 0.915 0.085
45.300 0.916 0.084
45.400 0.917 0.083
45.500 0.917 0.083
45.600 0.919 0.081
45.700 0.919 0.081
45.800 0.919 0.081
45.900 0.919 0.081
46.000 0.923 0.077
46.100 0.923 0.077
46.200 0.923 0.077
46.300 0.923 0.077
46.400 0.923 0.077
46.500 0.923 0.077
46.600 0.926 0.074
46.700 0.925 0.075
46.800 0.925 0.075
46.900 0.925 0.075
47.000 0.926 0.074
47.100 0.926 0.074
47.200 0.926 0.074
47.300 0.926 0.074
47.400 0.926 0.074
47.500 0.926 0.074
47.600 0.926 0.074
47.700 0.926 0.074
47.800 0.927 0.073
47.900 0.927 0.073
48.000 0.929 0.071
48.100 0.929 0.071
48.200 0.93 0.07
48.300 0.931 0.069
48.400 0.932 0.068
48.500 0.933 0.067
48.600 0.933 0.067
48.700 0.933 0.067
48.800 0.933 0.067
48.900 0.933 0.067
49.000 0.933 0.067
49.100 0.933 0.067
49.200 0.934 0.066
49.300 0.935 0.065
49.400 0.936 0.064
49.500 0.936 0.064
49.600 0.936 0.064
49.700 0.937 0.063
49.800 0.937 0.063
49.900 0.937 0.063
50.000 0.937 0.063
50.100 0.937 0.063
50.200 0.937 0.063
50.300 0.938 0.062
50.400 0.938 0.062
50.500 0.939 0.061
50.600 0.939 0.061
50.700 0.939 0.061
50.800 0.939 0.061
50.900 0.939 0.061
51.000 0.939 0.061
51.100 0.939 0.061
51.200 0.94 0.06
51.300 0.942 0.058
51.400 0.943 0.057
51.500 0.943 0.057
51.600 0.943 0.057
51.700 0.945 0.055
51.800 0.945 0.055
51.900 0.946 0.054
52.000 0.946 0.054
52.100 0.946 0.054
52.200 0.946 0.054
52.300 0.946 0.054
52.400 0.946 0.054
52.500 0.946 0.054
52.600 0.946 0.054
52.700 0.946 0.054
52.800 0.946 0.054
52.900 0.946 0.054
53.000 0.946 0.054
53.100 0.946 0.054
53.200 0.946 0.054
53.300 0.947 0.053
53.400 0.947 0.053
53.500 0.948 0.052
53.600 0.948 0.052
53.700 0.948 0.052
53.800 0.948 0.052
53.900 0.948 0.052
54.000 0.948 0.052
54.100 0.949 0.051
54.200 0.949 0.051
54.300 0.949 0.051
54.400 0.949 0.051
54.500 0.95 0.05
54.600 0.95 0.05
54.700 0.951 0.049
54.800 0.951 0.049
54.900 0.951 0.049
55.000 0.951 0.049
55.100 0.95 0.05
55.200 0.95 0.05
55.300 0.95 0.05
55.400 0.95 0.05
55.500 0.95 0.05
55.600 0.95 0.05
55.700 0.95 0.05
55.800 0.951 0.049
55.900 0.951 0.049
56.000 0.951 0.049
56.100 0.951 0.049
56.200 0.951 0.049
56.300 0.95 0.05
56.400 0.949 0.051
56.500 0.949 0.051
56.600 0.949 0.051
56.700 0.949 0.051
56.800 0.949 0.051
56.900 0.949 0.051
57.000 0.949 0.051
57.100 0.949 0.051
57.200 0.948 0.052
57.300 0.948 0.052
57.400 0.948 0.052
57.500 0.948 0.052
57.600 0.948 0.052
57.700 0.948 0.052
57.800 0.948 0.052
57.900 0.948 0.052
58.000 0.948 0.052
58.100 0.948 0.052
58.200 0.948 0.052
58.300 0.948 0.052
58.400 0.948 0.052
58.500 0.948 0.052
58.600 0.948 0.052
58.700 0.948 0.052
58.800 0.948 0.052
58.900 0.948 0.052
59.000 0.948 0.052
59.100 0.948 0.052
59.200 0.948 0.052
59.300 0.948 0.052
59.400 0.948 0.052
59.500 0.948 0.052
59.600 0.948 0.052
59.700 0.948 0.052
59.800 0.948 0.052
59.900 0.948 0.052
60.000 0.948 0.052
