0.000 0.0 1.0
0.100 0.0 1.0
0.200 0.0 1.0
0.300 0.0 1.0
0.400 0.0 1.0
0.500 0.0 1.0
0.600 0.0 1.0
0.700 0.0 1.0
0.800 0.0 1.0
0.900 0.0 1.0
1.000 0.0 1.0
1.100 0.0 1.0
1.200 0.0 1.0
1.300 0.0 1.0
1.400 0.0 1.0
1.500 0.0 1.0
1.600 0.0 1.0
1.700 0.0 1.0
1.800 0.0 1.0
1.900 0.0 1.0
2.000 0.0 1.0
2.100 0.0 1.0
2.200 0.0 1.0
2.300 0.0 1.0
2.400 0.0 1.0
2.500 0.0 1.0
2.600 0.0 1.0
2.700 0.0 1.0
2.800 0.0 1.0
2.900 0.0 1.0
3.000 0.0 1.0
3.100 0.0 1.0
3.200 0.0 1.0
3.300 0.0 1.0
3.400 0.0 1.0
3.500 0.0 1.0
3.600 0.0 1.0
3.700 0.0 1.0
3.800 0.0 1.0
3.900 0.0 1.0
4.000 0.0 1.0
4.100 0.0 1.0
4.200 0.0 1.0
4.300 0.0 1.0
4.400 0.0 1.0
4.500 0.0 1.0
4.600 0.005 0.995
4.700 0.005 0.995
4.800 0.01 0.99
4.900 0.01 0.99
5.000 0.01 0.99
5.100 0.01 0.99
5.200 0.015 0.985
5.300 0.015 0.985
5.400 0.02 0.98
5.500 0.035 0.965
5.600 0.035 0.965
5.700 0.035 0.965
5.800 0.03 0.97
5.900 0.04 0.96
6.000 0.055 0.945
6.100 0.055 0.945
6.200 0.06 0.94
6.300 0.06 0.94
6.400 0.07 0.93
6.500 0.075 0.925
6.600 0.085 0.915
6.700 0.09 0.91
6.800 0.11 0.89
6.900 0.115 0.885
7.000 0.11 0.89
7.100 0.125 0.875
7.200 0.145 0.855
7.300 0.155 0.845
7.400 0.155 0.845
7.500 0.165 0.835
7.600 0.205 0.795
7.700 0.225 0.775
7.800 0.235 0.765
7.900 0.26 0.74
8.000 0.265 0.735
8.100 0.28 0.72
8.200 0.29 0.71
8.300 0.295 0.705
8.400 0.315 0.685
8.500 0.335 0.665
8.600 0.345 0.655
8.700 0.365 0.635
8.800 0.385 0.615
8.900 0.385 0.615
9.000 0.39 0.61
9.100 0.4 0.6
9.200 0.415 0.585
9.300 0.435 0.565
9.400 0.445 0.555
9.500 0.455 0.545
9.600 0.46 0.54
9.700 0.46 0.54
9.800 0.48 0.52
9.900 0.48 0.52
10.000 0.495 0.505
10.100 0.495 0.505
10.200 0.5 0.5
10.300 0.5 0.5
10.400 0.51 0.49
10.500 0.515 0.485
10.600 0.53 0.47
10.700 0.53 0.47
10.800 0.525 0.475
10.900 0.525 0.475
11.000 0.53 0.47
11.100 0.535 0.465
11.200 0.55 0.45
11.300 0.56 0.44
11.400 0.565 0.435
11.500 0.555 0.445
11.600 0.56 0.44
11.700 0.565 0.435
11.800 0.575 0.425
11.900 0.565 0.435
12.000 0.565 0.435
12.100 0.575 0.425
12.200 0.58 0.42
12.300 0.585 0.415
12.400 0.59 0.41
12.500 0.59 0.41
12.600 0.595 0.405
12.700 0.6 0.4
12.800 0.6 0.4
12.900 0.605 0.395
13.000 0.61 0.39
13.100 0.61 0.39
13.200 0.615 0.385
13.300 0.615 0.385
13.400 0.615 0.385
13.500 0.615 0.385
13.600 0.615 0.385
13.700 0.615 0.385
13.800 0.61 0.39
13.900 0.605 0.395
14.000 0.605 0.395
14.100 0.605 0.395
14.200 0.605 0.395
14.300 0.605 0.395
14.400 0.605 0.395
14.500 0.605 0.395
14.600 0.6 0.4
14.700 0.595 0.405
14.800 0.59 0.41
14.900 0.59 0.41
15.000 0.59 0.41
15.100 0.59 0.41
15.200 0.59 0.41
15.300 0.59 0.41
15.400 0.59 0.41
15.500 0.585 0.415
15.600 0.585 0.415
15.700 0.59 0.41
15.800 0.59 0.41
15.900 0.585 0.415
16.000 0.585 0.415
16.100 0.585 0.415
16.200 0.585 0.415
16.300 0.585 0.415
16.400 0.585 0.415
16.500 0.585 0.415
16.600 0.585 0.415
16.700 0.585 0.415
16.800 0.585 0.415
16.900 0.585 0.415
17.000 0.585 0.415
17.100 0.585 0.415
17.200 0.585 0.415
17.300 0.585 0.415
17.400 0.585 0.415
17.500 0.585 0.415
17.600 0.585 0.415
17.700 0.585 0.415
17.800 0.585 0.415
17.900 0.585 0.415
18.000 0.585 0.415
18.100 0.585 0.415
18.200 0.585 0.415
18.300 0.585 0.415
18.400 0.585 0.415
18.500 0.585 0.415
18.600 0.585 0.415
18.700 0.585 0.415
18.800 0.585 0.415
18.900 0.58 0.42
19.000 0.58 0.42
19.100 0.585 0.415
19.200 0.585 0.415
19.300 0.585 0.415
19.400 0.585 0.415
19.500 0.585 0.415
19.600 0.585 0.415
19.700 0.585 0.415
19.800 0.585 0.415
19.900 0.585 0.415
20.000 0.585 0.415
20.100 0.585 0.415
20.200 0.585 0.415
20.300 0.585 0.415
20.400 0.585 0.415
20.500 0.585 0.415
20.600 0.585 0.415
20.700 0.585 0.415
20.800 0.585 0.415
20.900 0.585 0.415
21.000 0.585 0.415
21.100 0.585 0.415
21.200 0.585 0.415
21.300 0.585 0.415
21.400 0.585 0.415
21.500 0.585 0.415
21.600 0.585 0.415
21.700 0.585 0.415
21.800 0.585 0.415
21.900 0.585 0.415
22.000 0.585 0.415
22.100 0.585 0.415
22.200 0.585 0.415
22.300 0.585 0.415
22.400 0.585 0.415
22.500 0.585 0.415
22.600 0.585 0.415
22.700 0.585 0.415
22.800 0.585 0.415
22.900 0.59 0.41
23.000 0.59 0.41
23.100 0.59 0.41
23.200 0.59 0.41
23.300 0.595 0.405
23.400 0.6 0.4
23.500 0.595 0.405
23.600 0.605 0.395
23.700 0.6 0.4
23.800 0.6 0.4
23.900 0.605 0.395
24.000 0.615 0.385
24.100 0.615 0.385
24.200 0.615 0.385
24.300 0.615 0.385
24.400 0.61 0.39
24.500 0.61 0.39
24.600 0.61 0.39
24.700 0.62 0.38
24.800 0.615 0.385
24.900 0.61 0.39
25.000 0.61 0.39
25.100 0.61 0.39
25.200 0.615 0.385
25.300 0.62 0.38
25.400 0.625 0.375
25.500 0.64 0.36
25.600 0.64 0.36
25.700 0.64 0.36
25.800 0.65 0.35
25.900 0.65 0.35
26.000 0.65 0.35
26.100 0.65 0.35
26.200 0.65 0.35
26.300 0.655 0.345
26.400 0.655 0.345
26.500 0.665 0.335
26.600 0.67 0.33
26.700 0.67 0.33
26.800 0.68 0.32
26.900 0.685 0.315
27.000 0.695 0.305
27.100 0.695 0.305
27.200 0.69 0.31
27.300 0.69 0.31
27.400 0.695 0.305
27.500 0.695 0.305
27.600 0.7 0.3
27.700 0.705 0.295
27.800 0.71 0.29
27.900 0.71 0.29
28.000 0.72 0.28
28.100 0.72 0.28
28.200 0.725 0.275
28.300 0.725 0.275
28.400 0.725 0.275
28.500 0.725 0.275
28.600 0.73 0.27
28.700 0.73 0.27
28.800 0.74 0.26
28.900 0.735 0.265
29.000 0.74 0.26
29.100 0.74 0.26
29.200 0.745 0.255
29.300 0.745 0.255
29.400 0.755 0.245
29.500 0.76 0.24
29.600 0.76 0.24
29.700 0.77 0.23
29.800 0.77 0.23
29.900 0.77 0.23
30.000 0.77 0.23
30.100 0.765 0.235
30.200 0.77 0.23
30.300 0.765 0.235
30.400 0.76 0.24
30.500 0.765 0.235
30.600 0.765 0.235
30.700 0.765 0.235
30.800 0.77 0.23
30.900 0.775 0.225
31.000 0.775 0.225
31.100 0.775 0.225
31.200 0.78 0.22
31.300 0.78 0.22
31.400 0.775 0.225
31.500 0.775 0.225
31.600 0.775 0.225
31.700 0.775 0.225
31.800 0.78 0.22
31.900 0.78 0.22
32.000 0.785 0.215
32.100 0.785 0.215
32.200 0.785 0.215
32.300 0.785 0.215
32.400 0.785 0.215
32.500 0.785 0.215
32.600 0.785 0.215
32.700 0.785 0.215
32.800 0.78 0.22
32.900 0.79 0.21
33.000 0.79 0.21
33.100 0.79 0.21
33.200 0.79 0.21
33.300 0.79 0.21
33.400 0.79 0.21
33.500 0.79 0.21
33.600 0.79 0.21
33.700 0.79 0.21
33.800 0.79 0.21
33.900 0.79 0.21
34.000 0.79 0.21
34.100 0.79 0.21
34.200 0.79 0.21
34.300 0.79 0.21
34.400 0.79 0.21
34.500 0.79 0.21
34.600 0.79 0.21
34.700 0.79 0.21
34.800 0.785 0.215
34.900 0.785 0.215
35.000 0.785 0.215
35.100 0.79 0.21
35.200 0.79 0.21
35.300 0.79 0.21
35.400 0.79 0.21
35.500 0.79 0.21
35.600 0.79 0.21
35.700 0.79 0.21
35.800 0.79 0.21
35.900 0.79 0.21
36.000 0.79 0.21
36.100 0.79 0.21
36.200 0.79 0.21
36.300 0.79 0.21
36.400 0.79 0.21
36.500 0.79 0.21
36.600 0.79 0.21
36.700 0.79 0.21
36.800 0.79 0.21
36.900 0.79 0.21
37.000 0.79 0.21
37.100 0.79 0.21
37.200 0.79 0.21
37.300 0.79 0.21
37.400 0.79 0.21
37.500 0.79 0.21
37.600 0.79 0.21
37.700 0.79 0.21
37.800 0.79 0.21
37.900 0.79 0.21
38.000 0.79 0.21
38.100 0.79 0.21
38.200 0.79 0.21
38.300 0.79 0.21
38.400 0.79 0.21
38.500 0.79 0.21
38.600 0.79 0.21
38.700 0.79 0.21
38.800 0.79 0.21
38.900 0.79 0.21
39.000 0.79 0.21
39.100 0.79 0.21
39.200 0.79 0.21
39.300 0.79 0.21
39.400 0.79 0.21
39.500 0.79 0.21
39.600 0.79 0.21
39.700 0.79 0.21
39.800 0.79 0.21
39.900 0.79 0.21
40.000 0.79 0.21
40.100 0.79 0.21
40.200 0.79 0.21
40.300 0.79 0.21
40.400 0.79 0.21
40.500 0.79 0.21
40.600 0.79 0.21
40.700 0.79 0.21
40.800 0.79 0.21
40.900 0.79 0.21
41.000 0.79 0.21
41.100 0.79 0.21
41.200 0.79 0.21
41.300 0.79 0.21
41.400 0.795 0.205
41.500 0.795 0.205
41.600 0.795 0.205
41.700 0.795 0.205
41.800 0.8 0.2
41.900 0.795 0.205
42.000 0.795 0.205
42.100 0.795 0.205
42.200 0.795 0.205
42.300 0.79 0.21
42.400 0.79 0.21
42.500 0.79 0.21
42.600 0.79 0.21
42.700 0.79 0.21
42.800 0.79 0.21
42.900 0.795 0.205
43.000 0.795 0.205
43.100 0.795 0.205
43.200 0.795 0.205
43.300 0.795 0.205
43.400 0.8 0.2
43.500 0.805 0.195
43.600 0.805 0.195
43.700 0.805 0.195
43.800 0.81 0.19
43.900 0.81 0.19
44.000 0.81 0.19
44.100 0.815 0.185
44.200 0.825 0.175
44.300 0.82 0.18
44.400 0.82 0.18
44.500 0.82 0.18
44.600 0.82 0.18
44.700 0.815 0.185
44.800 0.81 0.19
44.900 0.81 0.19
45.000 0.81 0.19
45.100 0.81 0.19
45.200 0.81 0.19
45.300 0.81 0.19
45.400 0.81 0.19
45.500 0.81 0.19
45.600 0.815 0.185
45.700 0.815 0.185
45.800 0.815 0.185
45.900 0.82 0.18
46.000 0.825 0.175
46.100 0.825 0.175
46.200 0.825 0.175
46.300 0.825 0.175
46.400 0.825 0.175
46.500 0.825 0.175
46.600 0.825 0.175
46.700 0.825 0.175
46.800 0.825 0.175
46.900 0.825 0.175
47.000 0.83 0.17
47.100 0.83 0.17
47.200 0.835 0.165
47.300 0.83 0.17
47.400 0.83 0.17
47.500 0.83 0.17
47.600 0.83 0.17
47.700 0.83 0.17
47.800 0.83 0.17
47.900 0.83 0.17
48.000 0.835 0.165
48.100 0.83 0.17
48.200 0.83 0.17
48.300 0.83 0.17
48.400 0.835 0.165
48.500 0.835 0.165
48.600 0.835 0.165
48.700 0.835 0.165
48.800 0.84 0.16
48.900 0.835 0.165
49.000 0.835 0.165
49.100 0.84 0.16
49.200 0.84 0.16
49.300 0.84 0.16
49.400 0.845 0.155
49.500 0.845 0.155
49.600 0.845 0.155
49.700 0.845 0.155
49.800 0.845 0.155
49.900 0.845 0.155
50.000 0.845 0.155
50.100 0.845 0.155
50.200 0.845 0.155
50.300 0.845 0.155
50.400 0.845 0.155
50.500 0.845 0.155
50.600 0.85 0.15
50.700 0.85 0.15
50.800 0.85 0.15
50.900 0.85 0.15
51.000 0.85 0.15
51.100 0.855 0.145
51.200 0.855 0.145
51.300 0.855 0.145
51.400 0.855 0.145
51.500 0.855 0.145
51.600 0.855 0.145
51.700 0.855 0.145
51.800 0.855 0.145
51.900 0.855 0.145
52.000 0.855 0.145
52.100 0.855 0.145
52.200 0.855 0.145
52.300 0.855 0.145
52.400 0.855 0.145
52.500 0.855 0.145
52.600 0.855 0.145
52.700 0.855 0.145
52.800 0.855 0.145
52.900 0.855 0.145
53.000 0.855 0.145
53.100 0.855 0.145
53.200 0.855 0.145
53.300 0.85 0.15
53.400 0.85 0.15
53.500 0.85 0.15
53.600 0.85 0.15
53.700 0.85 0.15
53.800 0.85 0.15
53.900 0.85 0.15
54.000 0.85 0.15
54.100 0.85 0.15
54.200 0.85 0.15
54.300 0.85 0.15
54.400 0.85 0.15
54.500 0.85 0.15
54.600 0.855 0.145
54.700 0.855 0.145
54.800 0.855 0.145
54.900 0.855 0.145
55.000 0.855 0.145
55.100 0.855 0.145
55.200 0.855 0.145
55.300 0.855 0.145
55.400 0.855 0.145
55.500 0.855 0.145
55.600 0.855 0.145
55.700 0.855 0.145
55.800 0.855 0.145
55.900 0.85 0.15
56.000 0.85 0.15
56.100 0.85 0.15
56.200 0.85 0.15
56.300 0.85 0.15
56.400 0.85 0.15
56.500 0.85 0.15
56.600 0.85 0.15
56.700 0.85 0.15
56.800 0.85 0.15
56.900 0.85 0.15
57.000 0.85 0.15
57.100 0.85 0.15
57.200 0.85 0.15
57.300 0.85 0.15
57.400 0.85 0.15
57.500 0.85 0.15
57.600 0.85 0.15
57.700 0.85 0.15
57.800 0.85 0.15
57.900 0.85 0.15
58.000 0.85 0.15
58.100 0.85 0.15
58.200 0.85 0.15
58.300 0.85 0.15
58.400 0.85 0.15
58.500 0.85 0.15
58.600 0.85 0.15
58.700 0.85 0.15
58.800 0.85 0.15
58.900 0.85 0.15
59.000 0.85 0.15
59.100 0.85 0.15
59.200 0.85 0.15
59.300 0.85 0.15
59.400 0.85 0.15
59.500 0.85 0.15
59.600 0.85 0.15
59.700 0.85 0.15
59.800 0.85 0.15
59.900 0.85 0.15
60.000 0.85 0.15
