0.000 0.0 1.0
0.100 0.0 1.0
0.200 0.0 1.0
0.300 0.0 1.0
0.400 0.0 1.0
0.500 0.0 1.0
0.600 0.0 1.0
0.700 0.0 1.0
0.800 0.0 1.0
0.900 0.0 1.0
1.000 0.0 1.0
1.100 0.0 1.0
1.200 0.0 1.0
1.300 0.0 1.0
1.400 0.0 1.0
1.500 0.0 1.0
1.600 0.0 1.0
1.700 0.0 1.0
1.800 0.0 1.0
1.900 0.0 1.0
2.000 0.0 1.0
2.100 0.0 1.0
2.200 0.0 1.0
2.300 0.0 1.0
2.400 0.0 1.0
2.500 0.0 1.0
2.600 0.0 1.0
2.700 0.0 1.0
2.800 0.0 1.0
2.900 0.0 1.0
3.000 0.0 1.0
3.100 0.0 1.0
3.200 0.0 1.0
3.300 0.0 1.0
3.400 0.0 1.0
3.500 0.0 1.0
3.600 0.0 1.0
3.700 0.0 1.0
3.800 0.0 1.0
3.900 0.0 1.0
4.000 0.0 1.0
4.100 0.0 1.0
4.200 0.0 1.0
4.300 0.0 1.0
4.400 0.0 1.0
4.500 0.0 1.0
4.600 0.0 1.0
4.700 0.0 1.0
4.800 0.0 1.0
4.900 0.0 1.0
5.000 0.0 1.0
5.100 0.0 1.0
5.200 0.0 1.0
5.300 0.0 1.0
5.400 0.0 1.0
5.500 0.0 1.0
5.600 0.0 1.0
5.700 0.0 1.0
5.800 0.0 1.0
5.900 0.0 1.0
6.000 0.04 0.96
6.100 0.04 0.96
6.200 0.06 0.94
6.300 0.06 0.94
6.400 0.06 0.94
6.500 0.06 0.94
6.600 0.06 0.94
6.700 0.06 0.94
6.800 0.1 0.9
6.900 0.1 0.9
7.000 0.12 0.88
7.100 0.12 0.88
7.200 0.14 0.86
7.300 0.16 0.84
7.400 0.22 0.78
7.500 0.22 0.78
7.600 0.26 0.74
7.700 0.32 0.68
7.800 0.38 0.62
7.900 0.4 0.6
8.000 0.4 0.6
8.100 0.44 0.56
8.200 0.44 0.56
8.300 0.44 0.56
8.400 0.46 0.54
8.500 0.48 0.52
8.600 0.5 0.5
8.700 0.5 0.5
8.800 0.52 0.48
8.900 0.56 0.44
9.000 0.6 0.4
9.100 0.6 0.4
9.200 0.62 0.38
9.300 0.64 0.36
9.400 0.64 0.36
9.500 0.64 0.36
9.600 0.64 0.36
9.700 0.64 0.36
9.800 0.64 0.36
9.900 0.64 0.36
10.000 0.66 0.34
10.100 0.66 0.34
10.200 0.66 0.34
10.300 0.68 0.32
10.400 0.7 0.3
10.500 0.7 0.3
10.600 0.7 0.3
10.700 0.7 0.3
10.800 0.7 0.3
10.900 0.7 0.3
11.000 0.7 0.3
11.100 0.72 0.28
11.200 0.72 0.28
11.300 0.72 0.28
11.400 0.72 0.28
11.500 0.72 0.28
11.600 0.72 0.28
11.700 0.74 0.26
11.800 0.76 0.24
11.900 0.76 0.24
12.000 0.76 0.24
12.100 0.76 0.24
12.200 0.76 0.24
12.300 0.76 0.24
12.400 0.78 0.22
12.500 0.8 0.2
12.600 0.8 0.2
12.700 0.8 0.2
12.800 0.8 0.2
12.900 0.8 0.2
13.000 0.8 0.2
13.100 0.78 0.22
13.200 0.78 0.22
13.300 0.78 0.22
13.400 0.78 0.22
13.500 0.78 0.22
13.600 0.78 0.22
13.700 0.82 0.18
13.800 0.82 0.18
13.900 0.82 0.18
14.000 0.82 0.18
14.100 0.82 0.18
14.200 0.82 0.18
14.300 0.82 0.18
14.400 0.8 0.2
14.500 0.8 0.2
14.600 0.8 0.2
14.700 0.8 0.2
14.800 0.78 0.22
14.900 0.78 0.22
15.000 0.76 0.24
15.100 0.76 0.24
15.200 0.74 0.26
15.300 0.72 0.28
15.400 0.72 0.28
15.500 0.72 0.28
15.600 0.72 0.28
15.700 0.72 0.28
15.800 0.72 0.28
15.900 0.72 0.28
16.000 0.72 0.28
16.100 0.7 0.3
16.200 0.7 0.3
16.300 0.7 0.3
16.400 0.7 0.3
16.500 0.72 0.28
16.600 0.72 0.28
16.700 0.72 0.28
16.800 0.72 0.28
16.900 0.72 0.28
17.000 0.7 0.3
17.100 0.7 0.3
17.200 0.7 0.3
17.300 0.7 0.3
17.400 0.7 0.3
17.500 0.7 0.3
17.600 0.7 0.3
17.700 0.7 0.3
17.800 0.7 0.3
17.900 0.68 0.32
18.000 0.68 0.32
18.100 0.68 0.32
18.200 0.68 0.32
18.300 0.68 0.32
18.400 0.68 0.32
18.500 0.68 0.32
18.600 0.68 0.32
18.700 0.68 0.32
18.800 0.68 0.32
18.900 0.68 0.32
19.000 0.68 0.32
19.100 0.68 0.32
19.200 0.68 0.32
19.300 0.68 0.32
19.400 0.68 0.32
19.500 0.68 0.32
19.600 0.68 0.32
19.700 0.68 0.32
19.800 0.68 0.32
19.900 0.68 0.32
20.000 0.68 0.32
20.100 0.68 0.32
20.200 0.68 0.32
20.300 0.68 0.32
20.400 0.68 0.32
20.500 0.68 0.32
20.600 0.68 0.32
20.700 0.68 0.32
20.800 0.68 0.32
20.900 0.68 0.32
21.000 0.68 0.32
21.100 0.68 0.32
21.200 0.68 0.32
21.300 0.68 0.32
21.400 0.68 0.32
21.500 0.68 0.32
21.600 0.68 0.32
21.700 0.68 0.32
21.800 0.68 0.32
21.900 0.68 0.32
22.000 0.68 0.32
22.100 0.68 0.32
22.200 0.68 0.32
22.300 0.68 0.32
22.400 0.68 0.32
22.500 0.68 0.32
22.600 0.68 0.32
22.700 0.68 0.32
22.800 0.68 0.32
22.900 0.68 0.32
23.000 0.68 0.32
23.100 0.68 0.32
23.200 0.68 0.32
23.300 0.68 0.32
23.400 0.68 0.32
23.500 0.68 0.32
23.600 0.68 0.32
23.700 0.68 0.32
23.800 0.68 0.32
23.900 0.68 0.32
24.000 0.68 0.32
24.100 0.68 0.32
24.200 0.68 0.32
24.300 0.68 0.32
24.400 0.68 0.32
24.500 0.68 0.32
24.600 0.68 0.32
24.700 0.68 0.32
24.800 0.68 0.32
24.900 0.68 0.32
25.000 0.72 0.28
25.100 0.72 0.28
25.200 0.72 0.28
25.300 0.72 0.28
25.400 0.74 0.26
25.500 0.74 0.26
25.600 0.74 0.26
25.700 0.74 0.26
25.800 0.74 0.26
25.900 0.74 0.26
26.000 0.74 0.26
26.100 0.74 0.26
26.200 0.78 0.22
26.300 0.78 0.22
26.400 0.78 0.22
26.500 0.8 0.2
26.600 0.8 0.2
26.700 0.8 0.2
26.800 0.8 0.2
26.900 0.8 0.2
27.000 0.8 0.2
27.100 0.8 0.2
27.200 0.8 0.2
27.300 0.8 0.2
27.400 0.8 0.2
27.500 0.8 0.2
27.600 0.82 0.18
27.700 0.84 0.16
27.800 0.84 0.16
27.900 0.84 0.16
28.000 0.86 0.14
28.100 0.86 0.14
28.200 0.86 0.14
28.300 0.86 0.14
28.400 0.86 0.14
28.500 0.86 0.14
28.600 0.92 0.08
28.700 0.92 0.08
28.800 0.92 0.08
28.900 0.92 0.08
29.000 0.92 0.08
29.100 0.94 0.06
29.200 0.94 0.06
29.300 0.94 0.06
29.400 0.94 0.06
29.500 0.94 0.06
29.600 0.94 0.06
29.700 0.94 0.06
29.800 0.94 0.06
29.900 0.94 0.06
30.000 0.96 0.04
30.100 0.96 0.04
30.200 0.96 0.04
30.300 0.96 0.04
30.400 0.96 0.04
30.500 0.96 0.04
30.600 0.98 0.02
30.700 0.98 0.02
30.800 0.98 0.02
30.900 0.98 0.02
31.000 1.0 0.0
31.100 1.0 0.0
31.200 1.0 0.0
31.300 1.0 0.0
31.400 1.0 0.0
31.500 1.0 0.0
31.600 1.0 0.0
31.700 1.0 0.0
31.800 1.0 0.0
31.900 1.0 0.0
32.000 1.0 0.0
32.100 1.0 0.0
32.200 1.0 0.0
32.300 1.0 0.0
32.400 1.0 0.0
32.500 1.0 0.0
32.600 1.0 0.0
32.700 0.98 0.02
32.800 0.96 0.04
32.900 0.96 0.04
33.000 0.96 0.04
33.100 0.96 0.04
33.200 0.96 0.04
33.300 0.96 0.04
33.400 0.96 0.04
33.500 0.96 0.04
33.600 0.96 0.04
33.700 0.96 0.04
33.800 0.96 0.04
33.900 0.96 0.04
34.000 0.96 0.04
34.100 0.96 0.04
34.200 0.96 0.04
34.300 0.96 0.04
34.400 0.96 0.04
34.500 0.96 0.04
34.600 0.96 0.04
34.700 0.96 0.04
34.800 0.96 0.04
34.900 0.96 0.04
35.000 0.96 0.04
35.100 0.96 0.04
35.200 0.96 0.04
35.300 0.96 0.04
35.400 0.96 0.04
35.500 0.96 0.04
35.600 0.96 0.04
35.700 0.96 0.04
35.800 0.96 0.04
35.900 0.96 0.04
36.000 0.96 0.04
36.100 0.96 0.04
36.200 0.96 0.04
36.300 0.96 0.04
36.400 0.96 0.04
36.500 0.96 0.04
36.600 0.96 0.04
36.700 0.96 0.04
36.800 0.96 0.04
36.900 0.96 0.04
37.000 0.96 0.04
37.100 0.96 0.04
37.200 0.96 0.04
37.300 0.96 0.04
37.400 0.96 0.04
37.500 0.96 0.04
37.600 0.96 0.04
37.700 0.96 0.04
37.800 0.96 0.04
37.900 0.96 0.04
38.000 0.96 0.04
38.100 0.96 0.04
38.200 0.96 0.04
38.300 0.96 0.04
38.400 0.96 0.04
38.500 0.96 0.04
38.600 0.96 0.04
38.700 0.96 0.04
38.800 0.96 0.04
38.900 0.96 0.04
39.000 0.96 0.04
39.100 0.96 0.04
39.200 0.96 0.04
39.300 0.96 0.04
39.400 0.96 0.04
39.500 0.96 0.04
39.600 0.96 0.04
39.700 0.96 0.04
39.800 0.96 0.04
39.900 0.96 0.04
40.000 0.96 0.04
40.100 0.96 0.04
40.200 0.96 0.04
40.300 0.96 0.04
40.400 0.96 0.04
40.500 0.96 0.04
40.600 0.96 0.04
40.700 0.96 0.04
40.800 0.96 0.04
40.900 0.96 0.04
41.000 0.96 0.04
41.100 0.96 0.04
41.200 0.96 0.04
41.300 0.96 0.04
41.400 0.96 0.04
41.500 0.96 0.04
41.600 0.96 0.04
41.700 0.96 0.04
41.800 0.96 0.04
41.900 0.96 0.04
42.000 0.96 0.04
42.100 0.96 0.04
42.200 0.96 0.04
42.300 0.96 0.04
42.400 0.96 0.04
42.500 0.96 0.04
42.600 0.96 0.04
42.700 0.96 0.04
42.800 0.96 0.04
42.900 0.96 0.04
43.000 0.96 0.04
43.100 0.96 0.04
43.200 0.96 0.04
43.300 0.96 0.04
43.400 0.96 0.04
43.500 0.96 0.04
43.600 0.96 0.04
43.700 0.96 0.04
43.800 0.96 0.04
43.900 0.96 0.04
44.000 0.96 0.04
44.100 0.96 0.04
44.200 0.96 0.04
44.300 0.96 0.04
44.400 0.96 0.04
44.500 0.96 0.04
44.600 0.96 0.04
44.700 0.96 0.04
44.800 0.96 0.04
44.900 0.96 0.04
45.000 0.96 0.04
45.100 0.96 0.04
45.200 0.96 0.04
45.300 0.96 0.04
45.400 0.96 0.04
45.500 0.96 0.04
45.600 0.96 0.04
45.700 0.96 0.04
45.800 0.96 0.04
45.900 0.96 0.04
46.000 0.96 0.04
46.100 0.96 0.04
46.200 0.96 0.04
46.300 0.96 0.04
46.400 0.96 0.04
46.500 0.96 0.04
46.600 0.96 0.04
46.700 0.96 0.04
46.800 0.96 0.04
46.900 0.96 0.04
47.000 0.96 0.04
47.100 0.96 0.04
47.200 0.96 0.04
47.300 0.96 0.04
47.400 0.96 0.04
47.500 0.98 0.02
47.600 0.98 0.02
47.700 0.98 0.02
47.800 0.98 0.02
47.900 0.98 0.02
48.000 0.98 0.02
48.100 0.98 0.02
48.200 0.98 0.02
48.300 0.98 0.02
48.400 0.98 0.02
48.500 0.98 0.02
48.600 0.98 0.02
48.700 0.98 0.02
48.800 0.98 0.02
48.900 0.98 0.02
49.000 0.98 0.02
49.100 0.98 0.02
49.200 0.98 0.02
49.300 0.98 0.02
49.400 0.98 0.02
49.500 0.98 0.02
49.600 0.98 0.02
49.700 0.98 0.02
49.800 0.98 0.02
49.900 0.98 0.02
50.000 0.98 0.02
50.100 0.98 0.02
50.200 0.98 0.02
50.300 0.98 0.02
50.400 0.98 0.02
50.500 0.98 0.02
50.600 0.98 0.02
50.700 0.98 0.02
50.800 0.98 0.02
50.900 0.98 0.02
51.000 0.98 0.02
51.100 0.98 0.02
51.200 0.98 0.02
51.300 0.98 0.02
51.400 0.98 0.02
51.500 0.98 0.02
51.600 0.98 0.02
51.700 0.98 0.02
51.800 0.98 0.02
51.900 0.98 0.02
52.000 0.98 0.02
52.100 0.98 0.02
52.200 0.98 0.02
52.300 0.98 0.02
52.400 0.98 0.02
52.500 0.98 0.02
52.600 0.98 0.02
52.700 0.98 0.02
52.800 0.98 0.02
52.900 0.98 0.02
53.000 0.98 0.02
53.100 0.98 0.02
53.200 0.98 0.02
53.300 0.98 0.02
53.400 0.98 0.02
53.500 0.98 0.02
53.600 0.98 0.02
53.700 0.98 0.02
53.800 0.98 0.02
53.900 0.98 0.02
54.000 0.98 0.02
54.100 0.98 0.02
54.200 0.98 0.02
54.300 0.98 0.02
54.400 0.98 0.02
54.500 0.98 0.02
54.600 0.98 0.02
54.700 0.98 0.02
54.800 0.98 0.02
54.900 0.98 0.02
55.000 0.98 0.02
55.100 0.98 0.02
55.200 0.98 0.02
55.300 0.98 0.02
55.400 0.98 0.02
55.500 0.98 0.02
55.600 0.98 0.02
55.700 0.98 0.02
55.800 0.98 0.02
55.900 0.98 0.02
56.000 0.98 0.02
56.100 0.98 0.02
56.200 0.98 0.02
56.300 0.98 0.02
56.400 0.98 0.02
56.500 0.98 0.02
56.600 0.98 0.02
56.700 0.98 0.02
56.800 0.98 0.02
56.900 0.98 0.02
57.000 0.98 0.02
57.100 0.98 0.02
57.200 0.98 0.02
57.300 0.98 0.02
57.400 0.98 0.02
57.500 0.98 0.02
57.600 0.98 0.02
57.700 0.98 0.02
57.800 0.98 0.02
57.900 0.98 0.02
58.000 0.98 0.02
58.100 0.98 0.02
58.200 0.98 0.02
58.300 0.98 0.02
58.400 0.98 0.02
58.500 0.98 0.02
58.600 0.98 0.02
58.700 0.98 0.02
58.800 0.98 0.02
58.900 0.98 0.02
59.000 0.98 0.02
59.100 0.98 0.02
59.200 0.98 0.02
59.300 0.98 0.02
59.400 0.98 0.02
59.500 0.98 0.02
59.600 0.98 0.02
59.700 0.98 0.02
59.800 0.98 0.02
59.900 0.98 0.02
60.000 0.98 0.02
