0.000 0.0 1.0
0.100 0.0 1.0
0.200 0.0 1.0
0.300 0.0 1.0
0.400 0.0 1.0
0.500 0.0 1.0
0.600 0.0 1.0
0.700 0.0 1.0
0.800 0.0 1.0
0.900 0.0 1.0
1.000 0.0 1.0
1.100 0.0 1.0
1.200 0.0 1.0
1.300 0.0 1.0
1.400 0.0 1.0
1.500 0.0 1.0
1.600 0.0 1.0
1.700 0.0 1.0
1.800 0.0 1.0
1.900 0.0 1.0
2.000 0.0 1.0
2.100 0.0 1.0
2.200 0.0 1.0
2.300 0.0 1.0
2.400 0.0 1.0
2.500 0.0 1.0
2.600 0.0 1.0
2.700 0.0 1.0
2.800 0.0 1.0
2.900 0.0 1.0
3.000 0.0 1.0
3.100 0.0 1.0
3.200 0.0 1.0
3.300 0.0 1.0
3.400 0.0 1.0
3.500 0.0 1.0
3.600 0.0 1.0
3.700 0.0 1.0
3.800 0.001 0.999
3.900 0.002 0.998
4.000 0.002 0.998
4.100 0.002 0.998
4.200 0.002 0.998
4.300 0.002 0.998
4.400 0.002 0.998
4.500 0.002 0.998
4.600 0.002 0.998
4.700 0.002 0.998
4.800 0.002 0.998
4.900 0.001 0.999
5.000 0.001 0.999
5.100 0.003 0.997
5.200 0.003 0.997
5.300 0.004 0.996
5.400 0.004 0.996
5.500 0.004 0.996
5.600 0.006 0.994
5.700 0.007 0.993
5.800 0.008 0.992
5.900 0.008 0.992
6.000 0.008 0.992
6.100 0.01 0.99
6.200 0.014 0.986
6.300 0.015 0.985
6.400 0.016 0.984
6.500 0.018 0.982
6.600 0.02 0.98
6.700 0.027 0.973
6.800 0.031 0.969
6.900 0.034 0.966
7.000 0.037 0.963
7.100 0.041 0.959
7.200 0.046 0.954
7.300 0.055 0.945
7.400 0.062 0.938
7.500 0.072 0.928
7.600 0.078 0.922
7.700 0.083 0.917
7.800 0.09 0.91
7.900 0.094 0.906
8.000 0.105 0.895
8.100 0.11 0.89
8.200 0.115 0.885
8.300 0.117 0.883
8.400 0.125 0.875
8.500 0.126 0.874
8.600 0.131 0.869
8.700 0.134 0.866
8.800 0.138 0.862
8.900 0.144 0.856
9.000 0.152 0.848
9.100 0.157 0.843
9.200 0.159 0.841
9.300 0.169 0.831
9.400 0.172 0.828
9.500 0.174 0.826
9.600 0.182 0.818
9.700 0.183 0.817
9.800 0.189 0.811
9.900 0.196 0.804
10.000 0.198 0.802
10.100 0.2 0.8
10.200 0.202 0.798
10.300 0.203 0.797
10.400 0.207 0.793
10.500 0.209 0.791
10.600 0.212 0.788
10.700 0.213 0.787
10.800 0.215 0.785
10.900 0.216 0.784
11.000 0.221 0.779
11.100 0.225 0.775
11.200 0.227 0.773
11.300 0.232 0.768
11.400 0.234 0.766
11.500 0.242 0.758
11.600 0.243 0.757
11.700 0.243 0.757
11.800 0.246 0.754
11.900 0.249 0.751
12.000 0.253 0.747
12.100 0.256 0.744
12.200 0.261 0.739
12.300 0.264 0.736
12.400 0.268 0.732
12.500 0.272 0.728
12.600 0.275 0.725
12.700 0.279 0.721
12.800 0.281 0.719
12.900 0.286 0.714
13.000 0.288 0.712
13.100 0.291 0.709
13.200 0.293 0.707
13.300 0.297 0.703
13.400 0.297 0.703
13.500 0.298 0.702
13.600 0.298 0.702
13.700 0.299 0.701
13.800 0.301 0.699
13.900 0.301 0.699
14.000 0.303 0.697
14.100 0.304 0.696
14.200 0.305 0.695
14.300 0.305 0.695
14.400 0.306 0.694
14.500 0.306 0.694
14.600 0.308 0.692
14.700 0.307 0.693
14.800 0.308 0.692
14.900 0.308 0.692
15.000 0.308 0.692
15.100 0.308 0.692
15.200 0.308 0.692
15.300 0.307 0.693
15.400 0.307 0.693
15.500 0.307 0.693
15.600 0.307 0.693
15.700 0.308 0.692
15.800 0.308 0.692
15.900 0.308 0.692
16.000 0.308 0.692
16.100 0.308 0.692
16.200 0.309 0.691
16.300 0.309 0.691
16.400 0.309 0.691
16.500 0.308 0.692
16.600 0.307 0.693
16.700 0.307 0.693
16.800 0.307 0.693
16.900 0.307 0.693
17.000 0.307 0.693
17.100 0.306 0.694
17.200 0.306 0.694
17.300 0.306 0.694
17.400 0.306 0.694
17.500 0.305 0.695
17.600 0.305 0.695
17.700 0.305 0.695
17.800 0.305 0.695
17.900 0.305 0.695
18.000 0.305 0.695
18.100 0.305 0.695
18.200 0.305 0.695
18.300 0.306 0.694
18.400 0.306 0.694
18.500 0.306 0.694
18.600 0.306 0.694
18.700 0.306 0.694
18.800 0.306 0.694
18.900 0.306 0.694
19.000 0.307 0.693
19.100 0.307 0.693
19.200 0.307 0.693
19.300 0.307 0.693
19.400 0.307 0.693
19.500 0.307 0.693
19.600 0.307 0.693
19.700 0.307 0.693
19.800 0.307 0.693
19.900 0.307 0.693
20.000 0.307 0.693
20.100 0.307 0.693
20.200 0.307 0.693
20.300 0.307 0.693
20.400 0.307 0.693
20.500 0.307 0.693
20.600 0.307 0.693
20.700 0.307 0.693
20.800 0.307 0.693
20.900 0.307 0.693
21.000 0.307 0.693
21.100 0.307 0.693
21.200 0.307 0.693
21.300 0.307 0.693
21.400 0.307 0.693
21.500 0.307 0.693
21.600 0.307 0.693
21.700 0.307 0.693
21.800 0.307 0.693
21.900 0.307 0.693
22.000 0.307 0.693
22.100 0.307 0.693
22.200 0.307 0.693
22.300 0.307 0.693
22.400 0.307 0.693
22.500 0.307 0.693
22.600 0.307 0.693
22.700 0.307 0.693
22.800 0.307 0.693
22.900 0.307 0.693
23.000 0.307 0.693
23.100 0.308 0.692
23.200 0.308 0.692
23.300 0.308 0.692
23.400 0.308 0.692
23.500 0.308 0.692
23.600 0.308 0.692
23.700 0.308 0.692
23.800 0.309 0.691
23.900 0.309 0.691
24.000 0.31 0.69
24.100 0.311 0.689
24.200 0.312 0.688
24.300 0.312 0.688
24.400 0.314 0.686
24.500 0.314 0.686
24.600 0.317 0.683
24.700 0.318 0.682
24.800 0.32 0.68
24.900 0.323 0.677
25.000 0.327 0.673
25.100 0.327 0.673
25.200 0.328 0.672
25.300 0.331 0.669
25.400 0.332 0.668
25.500 0.335 0.665
25.600 0.337 0.663
25.700 0.343 0.657
25.800 0.346 0.654
25.900 0.351 0.649
26.000 0.353 0.647
26.100 0.356 0.644
26.200 0.356 0.644
26.300 0.357 0.643
26.400 0.361 0.639
26.500 0.361 0.639
26.600 0.362 0.638
26.700 0.362 0.638
26.800 0.363 0.637
26.900 0.363 0.637
27.000 0.366 0.634
27.100 0.369 0.631
27.200 0.372 0.628
27.300 0.374 0.626
27.400 0.374 0.626
27.500 0.375 0.625
27.600 0.376 0.624
27.700 0.38 0.62
27.800 0.38 0.62
27.900 0.382 0.618
28.000 0.384 0.616
28.100 0.388 0.612
28.200 0.39 0.61
28.300 0.391 0.609
28.400 0.391 0.609
28.500 0.393 0.607
28.600 0.395 0.605
28.700 0.395 0.605
28.800 0.398 0.602
28.900 0.401 0.599
29.000 0.404 0.596
29.100 0.406 0.594
29.200 0.407 0.593
29.300 0.408 0.592
29.400 0.41 0.59
29.500 0.413 0.587
29.600 0.415 0.585
29.700 0.416 0.584
29.800 0.418 0.582
29.900 0.418 0.582
30.000 0.421 0.579
30.100 0.421 0.579
30.200 0.424 0.576
30.300 0.425 0.575
30.400 0.427 0.573
30.500 0.428 0.572
30.600 0.429 0.571
30.700 0.433 0.567
30.800 0.437 0.563
30.900 0.438 0.562
31.000 0.44 0.56
31.100 0.442 0.558
31.200 0.443 0.557
31.300 0.446 0.554
31.400 0.446 0.554
31.500 0.446 0.554
31.600 0.447 0.553
31.700 0.448 0.552
31.800 0.448 0.552
31.900 0.448 0.552
32.000 0.448 0.552
32.100 0.449 0.551
32.200 0.452 0.548
32.300 0.454 0.546
32.400 0.455 0.545
32.500 0.457 0.543
32.600 0.457 0.543
32.700 0.457 0.543
32.800 0.459 0.541
32.900 0.459 0.541
33.000 0.459 0.541
33.100 0.459 0.541
33.200 0.459 0.541
33.300 0.461 0.539
33.400 0.461 0.539
33.500 0.461 0.539
33.600 0.461 0.539
33.700 0.461 0.539
33.800 0.461 0.539
33.900 0.461 0.539
34.000 0.46 0.54
34.100 0.46 0.54
34.200 0.46 0.54
34.300 0.459 0.541
34.400 0.459 0.541
34.500 0.459 0.541
34.600 0.459 0.541
34.700 0.459 0.541
34.800 0.459 0.541
34.900 0.459 0.541
35.000 0.459 0.541
35.100 0.459 0.541
35.200 0.459 0.541
35.300 0.459 0.541
35.400 0.459 0.541
35.500 0.459 0.541
35.600 0.459 0.541
35.700 0.46 0.54
35.800 0.46 0.54
35.900 0.46 0.54
36.000 0.46 0.54
36.100 0.46 0.54
36.200 0.46 0.54
36.300 0.459 0.541
36.400 0.459 0.541
36.500 0.459 0.541
36.600 0.459 0.541
36.700 0.459 0.541
36.800 0.459 0.541
36.900 0.459 0.541
37.000 0.459 0.541
37.100 0.459 0.541
37.200 0.459 0.541
37.300 0.459 0.541
37.400 0.459 0.541
37.500 0.459 0.541
37.600 0.459 0.541
37.700 0.459 0.541
37.800 0.459 0.541
37.900 0.459 0.541
38.000 0.459 0.541
38.100 0.459 0.541
38.200 0.459 0.541
38.300 0.459 0.541
38.400 0.459 0.541
38.500 0.459 0.541
38.600 0.459 0.541
38.700 0.459 0.541
38.800 0.459 0.541
38.900 0.459 0.541
39.000 0.459 0.541
39.100 0.459 0.541
39.200 0.459 0.541
39.300 0.459 0.541
39.400 0.459 0.541
39.500 0.459 0.541
39.600 0.459 0.541
39.700 0.459 0.541
39.800 0.459 0.541
39.900 0.459 0.541
40.000 0.459 0.541
40.100 0.459 0.541
40.200 0.459 0.541
40.300 0.459 0.541
40.400 0.459 0.541
40.500 0.459 0.541
40.600 0.459 0.541
40.700 0.459 0.541
40.800 0.459 0.541
40.900 0.459 0.541
41.000 0.46 0.54
41.100 0.461 0.539
41.200 0.462 0.538
41.300 0.462 0.538
41.400 0.462 0.538
41.500 0.462 0.538
41.600 0.463 0.537
41.700 0.464 0.536
41.800 0.465 0.535
41.900 0.465 0.535
42.000 0.465 0.535
42.100 0.465 0.535
42.200 0.465 0.535
42.300 0.465 0.535
42.400 0.466 0.534
42.500 0.468 0.532
42.600 0.467 0.533
42.700 0.467 0.533
42.800 0.467 0.533
42.900 0.469 0.531
43.000 0.469 0.531
43.100 0.469 0.531
43.200 0.471 0.529
43.300 0.474 0.526
43.400 0.474 0.526
43.500 0.476 0.524
43.600 0.477 0.523
43.700 0.483 0.517
43.800 0.484 0.516
43.900 0.484 0.516
44.000 0.484 0.516
44.100 0.485 0.515
44.200 0.487 0.513
44.300 0.487 0.513
44.400 0.487 0.513
44.500 0.489 0.511
44.600 0.489 0.511
44.700 0.493 0.507
44.800 0.494 0.506
44.900 0.495 0.505
45.000 0.497 0.503
45.100 0.497 0.503
45.200 0.497 0.503
45.300 0.499 0.501
45.400 0.5 0.5
45.500 0.503 0.497
45.600 0.505 0.495
45.700 0.507 0.493
45.800 0.51 0.49
45.900 0.512 0.488
46.000 0.515 0.485
46.100 0.515 0.485
46.200 0.52 0.48
46.300 0.522 0.478
46.400 0.524 0.476
46.500 0.525 0.475
46.600 0.526 0.474
46.700 0.526 0.474
46.800 0.527 0.473
46.900 0.527 0.473
47.000 0.527 0.473
47.100 0.527 0.473
47.200 0.528 0.472
47.300 0.528 0.472
47.400 0.53 0.47
47.500 0.53 0.47
47.600 0.533 0.467
47.700 0.534 0.466
47.800 0.536 0.464
47.900 0.537 0.463
48.000 0.537 0.463
48.100 0.538 0.462
48.200 0.541 0.459
48.300 0.541 0.459
48.400 0.543 0.457
48.500 0.544 0.456
48.600 0.545 0.455
48.700 0.546 0.454
48.800 0.547 0.453
48.900 0.55 0.45
49.000 0.55 0.45
49.100 0.551 0.449
49.200 0.553 0.447
49.300 0.554 0.446
49.400 0.556 0.444
49.500 0.562 0.438
49.600 0.564 0.436
49.700 0.564 0.436
49.800 0.564 0.436
49.900 0.565 0.435
50.000 0.567 0.433
50.100 0.568 0.432
50.200 0.568 0.432
50.300 0.57 0.43
50.400 0.57 0.43
50.500 0.571 0.429
50.600 0.571 0.429
50.700 0.572 0.428
50.800 0.574 0.426
50.900 0.575 0.425
51.000 0.575 0.425
51.100 0.576 0.424
51.200 0.576 0.424
51.300 0.576 0.424
51.400 0.576 0.424
51.500 0.576 0.424
51.600 0.579 0.421
51.700 0.579 0.421
51.800 0.579 0.421
51.900 0.58 0.42
52.000 0.581 0.419
52.100 0.581 0.419
52.200 0.581 0.419
52.300 0.581 0.419
52.400 0.581 0.419
52.500 0.581 0.419
52.600 0.581 0.419
52.700 0.581 0.419
52.800 0.58 0.42
52.900 0.58 0.42
53.000 0.58 0.42
53.100 0.58 0.42
53.200 0.58 0.42
53.300 0.58 0.42
53.400 0.58 0.42
53.500 0.58 0.42
53.600 0.58 0.42
53.700 0.58 0.42
53.800 0.58 0.42
53.900 0.58 0.42
54.000 0.58 0.42
54.100 0.581 0.419
54.200 0.581 0.419
54.300 0.581 0.419
54.400 0.581 0.419
54.500 0.581 0.419
54.600 0.581 0.419
54.700 0.581 0.419
54.800 0.581 0.419
54.900 0.581 0.419
55.000 0.581 0.419
55.100 0.581 0.419
55.200 0.581 0.419
55.300 0.581 0.419
55.400 0.581 0.419
55.500 0.581 0.419
55.600 0.581 0.419
55.700 0.581 0.419
55.800 0.581 0.419
55.900 0.581 0.419
56.000 0.581 0.419
56.100 0.581 0.419
56.200 0.581 0.419
56.300 0.581 0.419
56.400 0.581 0.419
56.500 0.581 0.419
56.600 0.581 0.419
56.700 0.581 0.419
56.800 0.581 0.419
56.900 0.581 0.419
57.000 0.581 0.419
57.100 0.581 0.419
57.200 0.581 0.419
57.300 0.581 0.419
57.400 0.581 0.419
57.500 0.581 0.419
57.600 0.581 0.419
57.700 0.581 0.419
57.800 0.581 0.419
57.900 0.581 0.419
58.000 0.581 0.419
58.100 0.581 0.419
58.200 0.581 0.419
58.300 0.581 0.419
58.400 0.581 0.419
58.500 0.581 0.419
58.600 0.581 0.419
58.700 0.581 0.419
58.800 0.581 0.419
58.900 0.581 0.419
59.000 0.581 0.419
59.100 0.581 0.419
59.200 0.581 0.419
59.300 0.581 0.419
59.400 0.581 0.419
59.500 0.581 0.419
59.600 0.581 0.419
59.700 0.581 0.419
59.800 0.581 0.419
59.900 0.581 0.419
60.000 0.581 0.419
