0.000 0.0 1.0
0.100 0.0 1.0
0.200 0.0 1.0
0.300 0.0 1.0
0.400 0.0 1.0
0.500 0.0 1.0
0.600 0.0 1.0
0.700 0.0 1.0
0.800 0.0 1.0
0.900 0.0 1.0
1.000 0.0 1.0
1.100 0.0 1.0
1.200 0.0 1.0
1.300 0.0 1.0
1.400 0.0 1.0
1.500 0.0 1.0
1.600 0.0 1.0
1.700 0.0 1.0
1.800 0.0 1.0
1.900 0.0 1.0
2.000 0.0 1.0
2.100 0.0 1.0
2.200 0.0 1.0
2.300 0.0 1.0
2.400 0.0 1.0
2.500 0.0 1.0
2.600 0.0 1.0
2.700 0.0 1.0
2.800 0.0 1.0
2.900 0.0 1.0
3.000 0.0 1.0
3.100 0.0 1.0
3.200 0.0 1.0
3.300 0.0 1.0
3.400 0.0 1.0
3.500 0.0 1.0
3.600 0.0 1.0
3.700 0.0 1.0
3.800 0.0 1.0
3.900 0.0 1.0
4.000 0.0 1.0
4.100 0.0 1.0
4.200 0.0 1.0
4.300 0.0 1.0
4.400 0.0 1.0
4.500 0.0 1.0
4.600 0.0 1.0
4.700 0.0 1.0
4.800 0.0 1.0
4.900 0.0 1.0
5.000 0.0 1.0
5.100 0.0 1.0
5.200 0.0 1.0
5.300 0.0 1.0
5.400 0.0 1.0
5.500 0.0 1.0
5.600 0.0 1.0
5.700 0.0 1.0
5.800 0.005 0.995
5.900 0.005 0.995
6.000 0.01 0.99
6.100 0.015 0.985
6.200 0.015 0.985
6.300 0.02 0.98
6.400 0.02 0.98
6.500 0.03 0.97
6.600 0.04 0.96
6.700 0.05 0.95
6.800 0.06 0.94
6.900 0.06 0.94
7.000 0.075 0.925
7.100 0.095 0.905
7.200 0.12 0.88
7.300 0.13 0.87
7.400 0.145 0.855
7.500 0.175 0.825
7.600 0.215 0.785
7.700 0.26 0.74
7.800 0.3 0.7
7.900 0.32 0.68
8.000 0.35 0.65
8.100 0.37 0.63
8.200 0.395 0.605
8.300 0.42 0.58
8.400 0.455 0.545
8.500 0.46 0.54
8.600 0.485 0.515
8.700 0.51 0.49
8.800 0.52 0.48
8.900 0.525 0.475
9.000 0.545 0.455
9.100 0.56 0.44
9.200 0.57 0.43
9.300 0.585 0.415
9.400 0.62 0.38
9.500 0.645 0.355
9.600 0.655 0.345
9.700 0.67 0.33
9.800 0.685 0.315
9.900 0.7 0.3
10.000 0.71 0.29
10.100 0.715 0.285
10.200 0.735 0.265
10.300 0.74 0.26
10.400 0.74 0.26
10.500 0.74 0.26
10.600 0.74 0.26
10.700 0.755 0.245
10.800 0.77 0.23
10.900 0.77 0.23
11.000 0.78 0.22
11.100 0.785 0.215
11.200 0.795 0.205
11.300 0.8 0.2
11.400 0.81 0.19
11.500 0.815 0.185
11.600 0.83 0.17
11.700 0.84 0.16
11.800 0.845 0.155
11.900 0.845 0.155
12.000 0.845 0.155
12.100 0.855 0.145
12.200 0.86 0.14
12.300 0.865 0.135
12.400 0.87 0.13
12.500 0.875 0.125
12.600 0.875 0.125
12.700 0.875 0.125
12.800 0.875 0.125
12.900 0.875 0.125
13.000 0.87 0.13
13.100 0.86 0.14
13.200 0.855 0.145
13.300 0.855 0.145
13.400 0.855 0.145
13.500 0.85 0.15
13.600 0.84 0.16
13.700 0.835 0.165
13.800 0.83 0.17
13.900 0.83 0.17
14.000 0.825 0.175
14.100 0.825 0.175
14.200 0.82 0.18
14.300 0.82 0.18
14.400 0.81 0.19
14.500 0.81 0.19
14.600 0.805 0.195
14.700 0.805 0.195
14.800 0.8 0.2
14.900 0.795 0.205
15.000 0.795 0.205
15.100 0.795 0.205
15.200 0.795 0.205
15.300 0.785 0.215
15.400 0.785 0.215
15.500 0.785 0.215
15.600 0.775 0.225
15.700 0.77 0.23
15.800 0.765 0.235
15.900 0.765 0.235
16.000 0.76 0.24
16.100 0.755 0.245
16.200 0.75 0.25
16.300 0.75 0.25
16.400 0.745 0.255
16.500 0.745 0.255
16.600 0.735 0.265
16.700 0.725 0.275
16.800 0.725 0.275
16.900 0.725 0.275
17.000 0.725 0.275
17.100 0.725 0.275
17.200 0.725 0.275
17.300 0.725 0.275
17.400 0.725 0.275
17.500 0.725 0.275
17.600 0.72 0.28
17.700 0.725 0.275
17.800 0.725 0.275
17.900 0.72 0.28
18.000 0.72 0.28
18.100 0.72 0.28
18.200 0.72 0.28
18.300 0.72 0.28
18.400 0.72 0.28
18.500 0.72 0.28
18.600 0.72 0.28
18.700 0.72 0.28
18.800 0.72 0.28
18.900 0.72 0.28
19.000 0.72 0.28
19.100 0.72 0.28
19.200 0.72 0.28
19.300 0.72 0.28
19.400 0.72 0.28
19.500 0.72 0.28
19.600 0.72 0.28
19.700 0.72 0.28
19.800 0.72 0.28
19.900 0.72 0.28
20.000 0.72 0.28
20.100 0.72 0.28
20.200 0.72 0.28
20.300 0.72 0.28
20.400 0.725 0.275
20.500 0.725 0.275
20.600 0.725 0.275
20.700 0.725 0.275
20.800 0.725 0.275
20.900 0.725 0.275
21.000 0.725 0.275
21.100 0.725 0.275
21.200 0.725 0.275
21.300 0.725 0.275
21.400 0.725 0.275
21.500 0.725 0.275
21.600 0.725 0.275
21.700 0.725 0.275
21.800 0.725 0.275
21.900 0.725 0.275
22.000 0.725 0.275
22.100 0.725 0.275
22.200 0.725 0.275
22.300 0.725 0.275
22.400 0.725 0.275
22.500 0.725 0.275
22.600 0.725 0.275
22.700 0.725 0.275
22.800 0.725 0.275
22.900 0.725 0.275
23.000 0.725 0.275
23.100 0.725 0.275
23.200 0.725 0.275
23.300 0.73 0.27
23.400 0.73 0.27
23.500 0.73 0.27
23.600 0.73 0.27
23.700 0.73 0.27
23.800 0.73 0.27
23.900 0.73 0.27
24.000 0.73 0.27
24.100 0.73 0.27
24.200 0.74 0.26
24.300 0.74 0.26
24.400 0.74 0.26
24.500 0.745 0.255
24.600 0.745 0.255
24.700 0.745 0.255
24.800 0.745 0.255
24.900 0.745 0.255
25.000 0.745 0.255
25.100 0.745 0.255
25.200 0.745 0.255
25.300 0.745 0.255
25.400 0.75 0.25
25.500 0.75 0.25
25.600 0.75 0.25
25.700 0.75 0.25
25.800 0.75 0.25
25.900 0.75 0.25
26.000 0.75 0.25
26.100 0.755 0.245
26.200 0.755 0.245
26.300 0.755 0.245
26.400 0.76 0.24
26.500 0.76 0.24
26.600 0.76 0.24
26.700 0.77 0.23
26.800 0.77 0.23
26.900 0.77 0.23
27.000 0.78 0.22
27.100 0.79 0.21
27.200 0.79 0.21
27.300 0.795 0.205
27.400 0.805 0.195
27.500 0.81 0.19
27.600 0.815 0.185
27.700 0.82 0.18
27.800 0.825 0.175
27.900 0.825 0.175
28.000 0.825 0.175
28.100 0.83 0.17
28.200 0.83 0.17
28.300 0.83 0.17
28.400 0.83 0.17
28.500 0.83 0.17
28.600 0.83 0.17
28.700 0.835 0.165
28.800 0.835 0.165
28.900 0.845 0.155
29.000 0.845 0.155
29.100 0.845 0.155
29.200 0.85 0.15
29.300 0.865 0.135
29.400 0.865 0.135
29.500 0.865 0.135
29.600 0.88 0.12
29.700 0.885 0.115
29.800 0.885 0.115
29.900 0.89 0.11
30.000 0.895 0.105
30.100 0.89 0.11
30.200 0.89 0.11
30.300 0.9 0.1
30.400 0.9 0.1
30.500 0.91 0.09
30.600 0.91 0.09
30.700 0.91 0.09
30.800 0.91 0.09
30.900 0.91 0.09
31.000 0.91 0.09
31.100 0.91 0.09
31.200 0.91 0.09
31.300 0.91 0.09
31.400 0.91 0.09
31.500 0.91 0.09
31.600 0.91 0.09
31.700 0.91 0.09
31.800 0.91 0.09
31.900 0.91 0.09
32.000 0.91 0.09
32.100 0.91 0.09
32.200 0.91 0.09
32.300 0.91 0.09
32.400 0.91 0.09
32.500 0.915 0.085
32.600 0.915 0.085
32.700 0.915 0.085
32.800 0.92 0.08
32.900 0.925 0.075
33.000 0.925 0.075
33.100 0.925 0.075
33.200 0.925 0.075
33.300 0.925 0.075
33.400 0.925 0.075
33.500 0.925 0.075
33.600 0.925 0.075
33.700 0.93 0.07
33.800 0.93 0.07
33.900 0.93 0.07
34.000 0.93 0.07
34.100 0.93 0.07
34.200 0.93 0.07
34.300 0.93 0.07
34.400 0.93 0.07
34.500 0.93 0.07
34.600 0.93 0.07
34.700 0.93 0.07
34.800 0.93 0.07
34.900 0.93 0.07
35.000 0.93 0.07
35.100 0.93 0.07
35.200 0.93 0.07
35.300 0.93 0.07
35.400 0.93 0.07
35.500 0.93 0.07
35.600 0.93 0.07
35.700 0.93 0.07
35.800 0.93 0.07
35.900 0.93 0.07
36.000 0.925 0.075
36.100 0.925 0.075
36.200 0.925 0.075
36.300 0.925 0.075
36.400 0.92 0.08
36.500 0.915 0.085
36.600 0.915 0.085
36.700 0.915 0.085
36.800 0.915 0.085
36.900 0.915 0.085
37.000 0.915 0.085
37.100 0.915 0.085
37.200 0.915 0.085
37.300 0.915 0.085
37.400 0.915 0.085
37.500 0.915 0.085
37.600 0.915 0.085
37.700 0.915 0.085
37.800 0.915 0.085
37.900 0.915 0.085
38.000 0.91 0.09
38.100 0.91 0.09
38.200 0.91 0.09
38.300 0.91 0.09
38.400 0.91 0.09
38.500 0.91 0.09
38.600 0.91 0.09
38.700 0.91 0.09
38.800 0.91 0.09
38.900 0.91 0.09
39.000 0.91 0.09
39.100 0.91 0.09
39.200 0.91 0.09
39.300 0.91 0.09
39.400 0.91 0.09
39.500 0.91 0.09
39.600 0.91 0.09
39.700 0.91 0.09
39.800 0.91 0.09
39.900 0.91 0.09
40.000 0.91 0.09
40.100 0.91 0.09
40.200 0.91 0.09
40.300 0.91 0.09
40.400 0.91 0.09
40.500 0.91 0.09
40.600 0.91 0.09
40.700 0.91 0.09
40.800 0.91 0.09
40.900 0.91 0.09
41.000 0.91 0.09
41.100 0.91 0.09
41.200 0.91 0.09
41.300 0.91 0.09
41.400 0.91 0.09
41.500 0.91 0.09
41.600 0.91 0.09
41.700 0.91 0.09
41.800 0.91 0.09
41.900 0.91 0.09
42.000 0.91 0.09
42.100 0.91 0.09
42.200 0.91 0.09
42.300 0.91 0.09
42.400 0.91 0.09
42.500 0.91 0.09
42.600 0.915 0.085
42.700 0.915 0.085
42.800 0.915 0.085
42.900 0.915 0.085
43.000 0.915 0.085
43.100 0.915 0.085
43.200 0.915 0.085
43.300 0.915 0.085
43.400 0.915 0.085
43.500 0.915 0.085
43.600 0.915 0.085
43.700 0.915 0.085
43.800 0.915 0.085
43.900 0.915 0.085
44.000 0.915 0.085
44.100 0.915 0.085
44.200 0.915 0.085
44.300 0.915 0.085
44.400 0.915 0.085
44.500 0.92 0.08
44.600 0.92 0.08
44.700 0.92 0.08
44.800 0.92 0.08
44.900 0.92 0.08
45.000 0.92 0.08
45.100 0.92 0.08
45.200 0.92 0.08
45.300 0.92 0.08
45.400 0.92 0.08
45.500 0.925 0.075
45.600 0.93 0.07
45.700 0.93 0.07
45.800 0.935 0.065
45.900 0.935 0.065
46.000 0.935 0.065
46.100 0.935 0.065
46.200 0.94 0.06
46.300 0.94 0.06
46.400 0.94 0.06
46.500 0.94 0.06
46.600 0.94 0.06
46.700 0.94 0.06
46.800 0.945 0.055
46.900 0.945 0.055
47.000 0.945 0.055
47.100 0.945 0.055
47.200 0.945 0.055
47.300 0.945 0.055
47.400 0.95 0.05
47.500 0.95 0.05
47.600 0.955 0.045
47.700 0.955 0.045
47.800 0.955 0.045
47.900 0.955 0.045
48.000 0.96 0.04
48.100 0.96 0.04
48.200 0.96 0.04
48.300 0.96 0.04
48.400 0.96 0.04
48.500 0.96 0.04
48.600 0.96 0.04
48.700 0.96 0.04
48.800 0.96 0.04
48.900 0.96 0.04
49.000 0.96 0.04
49.100 0.96 0.04
49.200 0.96 0.04
49.300 0.96 0.04
49.400 0.96 0.04
49.500 0.96 0.04
49.600 0.96 0.04
49.700 0.96 0.04
49.800 0.96 0.04
49.900 0.96 0.04
50.000 0.96 0.04
50.100 0.96 0.04
50.200 0.96 0.04
50.300 0.965 0.035
50.400 0.965 0.035
50.500 0.965 0.035
50.600 0.965 0.035
50.700 0.965 0.035
50.800 0.965 0.035
50.900 0.965 0.035
51.000 0.965 0.035
51.100 0.965 0.035
51.200 0.965 0.035
51.300 0.96 0.04
51.400 0.965 0.035
51.500 0.965 0.035
51.600 0.965 0.035
51.700 0.965 0.035
51.800 0.965 0.035
51.900 0.97 0.03
52.000 0.97 0.03
52.100 0.97 0.03
52.200 0.97 0.03
52.300 0.97 0.03
52.400 0.97 0.03
52.500 0.97 0.03
52.600 0.97 0.03
52.700 0.97 0.03
52.800 0.97 0.03
52.900 0.97 0.03
53.000 0.97 0.03
53.100 0.97 0.03
53.200 0.97 0.03
53.300 0.97 0.03
53.400 0.97 0.03
53.500 0.97 0.03
53.600 0.97 0.03
53.700 0.97 0.03
53.800 0.97 0.03
53.900 0.97 0.03
54.000 0.97 0.03
54.100 0.97 0.03
54.200 0.97 0.03
54.300 0.97 0.03
54.400 0.97 0.03
54.500 0.97 0.03
54.600 0.97 0.03
54.700 0.97 0.03
54.800 0.97 0.03
54.900 0.97 0.03
55.000 0.97 0.03
55.100 0.97 0.03
55.200 0.97 0.03
55.300 0.97 0.03
55.400 0.97 0.03
55.500 0.97 0.03
55.600 0.97 0.03
55.700 0.97 0.03
55.800 0.97 0.03
55.900 0.97 0.03
56.000 0.97 0.03
56.100 0.97 0.03
56.200 0.97 0.03
56.300 0.97 0.03
56.400 0.97 0.03
56.500 0.97 0.03
56.600 0.97 0.03
56.700 0.97 0.03
56.800 0.97 0.03
56.900 0.97 0.03
57.000 0.97 0.03
57.100 0.97 0.03
57.200 0.97 0.03
57.300 0.97 0.03
57.400 0.97 0.03
57.500 0.965 0.035
57.600 0.96 0.04
57.700 0.96 0.04
57.800 0.96 0.04
57.900 0.96 0.04
58.000 0.96 0.04
58.100 0.96 0.04
58.200 0.96 0.04
58.300 0.96 0.04
58.400 0.96 0.04
58.500 0.96 0.04
58.600 0.96 0.04
58.700 0.96 0.04
58.800 0.96 0.04
58.900 0.96 0.04
59.000 0.96 0.04
59.100 0.96 0.04
59.200 0.96 0.04
59.300 0.96 0.04
59.400 0.96 0.04
59.500 0.96 0.04
59.600 0.96 0.04
59.700 0.96 0.04
59.800 0.96 0.04
59.900 0.96 0.04
60.000 0.96 0.04
