0.000 0.0 1.0
0.100 0.0 1.0
0.200 0.0 1.0
0.300 0.0 1.0
0.400 0.0 1.0
0.500 0.0 1.0
0.600 0.0 1.0
0.700 0.0 1.0
0.800 0.0 1.0
0.900 0.0 1.0
1.000 0.0 1.0
1.100 0.0 1.0
1.200 0.0 1.0
1.300 0.0 1.0
1.400 0.0 1.0
1.500 0.0 1.0
1.600 0.0 1.0
1.700 0.0 1.0
1.800 0.0 1.0
1.900 0.0 1.0
2.000 0.0 1.0
2.100 0.0 1.0
2.200 0.0 1.0
2.300 0.0 1.0
2.400 0.0 1.0
2.500 0.0 1.0
2.600 0.0 1.0
2.700 0.0 1.0
2.800 0.0 1.0
2.900 0.0 1.0
3.000 0.0 1.0
3.100 0.0 1.0
3.200 0.0 1.0
3.300 0.0 1.0
3.400 0.0 1.0
3.500 0.0 1.0
3.600 0.0 1.0
3.700 0.0 1.0
3.800 0.0 1.0
3.900 0.0 1.0
4.000 0.0 1.0
4.100 0.0 1.0
4.200 0.0 1.0
4.300 0.0 1.0
4.400 0.0 1.0
4.500 0.0 1.0
4.600 0.0 1.0
4.700 0.0 1.0
4.800 0.0 1.0
4.900 0.0 1.0
5.000 0.0 1.0
5.100 0.0 1.0
5.200 0.0 1.0
5.300 0.003 0.997
5.400 0.003 0.997
5.500 0.004 0.996
5.600 0.006 0.994
5.700 0.008 0.992
5.800 0.008 0.992
5.900 0.01 0.99
6.000 0.011 0.989
6.100 0.012 0.988
6.200 0.019 0.981
6.300 0.031 0.969
6.400 0.036 0.964
6.500 0.046 0.954
6.600 0.054 0.946
6.700 0.062 0.938
6.800 0.077 0.923
6.900 0.091 0.909
7.000 0.1 0.9
7.100 0.117 0.883
7.200 0.13 0.87
7.300 0.155 0.845
7.400 0.169 0.831
7.500 0.191 0.809
7.600 0.209 0.791
7.700 0.234 0.766
7.800 0.254 0.746
7.900 0.282 0.718
8.000 0.304 0.696
8.100 0.336 0.664
8.200 0.355 0.645
8.300 0.38 0.62
8.400 0.403 0.597
8.500 0.421 0.579
8.600 0.439 0.561
8.700 0.465 0.535
8.800 0.481 0.519
8.900 0.495 0.505
9.000 0.514 0.486
9.100 0.527 0.473
9.200 0.535 0.465
9.300 0.544 0.456
9.400 0.558 0.442
9.500 0.566 0.434
9.600 0.573 0.427
9.700 0.582 0.418
9.800 0.605 0.395
9.900 0.614 0.386
10.000 0.623 0.377
10.100 0.627 0.373
10.200 0.63 0.37
10.300 0.641 0.359
10.400 0.645 0.355
10.500 0.651 0.349
10.600 0.653 0.347
10.700 0.658 0.342
10.800 0.672 0.328
10.900 0.681 0.319
11.000 0.69 0.31
11.100 0.694 0.306
11.200 0.703 0.297
11.300 0.707 0.293
11.400 0.709 0.291
11.500 0.716 0.284
11.600 0.729 0.271
11.700 0.733 0.267
11.800 0.74 0.26
11.900 0.749 0.251
12.000 0.756 0.244
12.100 0.759 0.241
12.200 0.761 0.239
12.300 0.765 0.235
12.400 0.772 0.228
12.500 0.776 0.224
12.600 0.781 0.219
12.700 0.78 0.22
12.800 0.785 0.215
12.900 0.792 0.208
13.000 0.796 0.204
13.100 0.794 0.206
13.200 0.799 0.201
13.300 0.802 0.198
13.400 0.806 0.194
13.500 0.805 0.195
13.600 0.806 0.194
13.700 0.808 0.192
13.800 0.809 0.191
13.900 0.809 0.191
14.000 0.808 0.192
14.100 0.804 0.196
14.200 0.801 0.199
14.300 0.8 0.2
14.400 0.798 0.202
14.500 0.796 0.204
14.600 0.794 0.206
14.700 0.792 0.208
14.800 0.79 0.21
14.900 0.787 0.213
15.000 0.784 0.216
15.100 0.777 0.223
15.200 0.775 0.225
15.300 0.774 0.226
15.400 0.766 0.234
15.500 0.762 0.238
15.600 0.76 0.24
15.700 0.756 0.244
15.800 0.754 0.246
15.900 0.753 0.247
16.000 0.746 0.254
16.100 0.743 0.257
16.200 0.737 0.263
16.300 0.734 0.266
16.400 0.732 0.268
16.500 0.728 0.272
16.600 0.728 0.272
16.700 0.724 0.276
16.800 0.722 0.278
16.900 0.72 0.28
17.000 0.718 0.282
17.100 0.716 0.284
17.200 0.715 0.285
17.300 0.713 0.287
17.400 0.713 0.287
17.500 0.713 0.287
17.600 0.713 0.287
17.700 0.713 0.287
17.800 0.712 0.288
17.900 0.712 0.288
18.000 0.712 0.288
18.100 0.712 0.288
18.200 0.712 0.288
18.300 0.711 0.289
18.400 0.711 0.289
18.500 0.711 0.289
18.600 0.711 0.289
18.700 0.712 0.288
18.800 0.711 0.289
18.900 0.71 0.29
19.000 0.711 0.289
19.100 0.711 0.289
19.200 0.711 0.289
19.300 0.711 0.289
19.400 0.712 0.288
19.500 0.712 0.288
19.600 0.712 0.288
19.700 0.712 0.288
19.800 0.712 0.288
19.900 0.713 0.287
20.000 0.713 0.287
20.100 0.714 0.286
20.200 0.714 0.286
20.300 0.714 0.286
20.400 0.714 0.286
20.500 0.714 0.286
20.600 0.714 0.286
20.700 0.714 0.286
20.800 0.714 0.286
20.900 0.714 0.286
21.000 0.714 0.286
21.100 0.714 0.286
21.200 0.714 0.286
21.300 0.714 0.286
21.400 0.714 0.286
21.500 0.715 0.285
21.600 0.715 0.285
21.700 0.715 0.285
21.800 0.715 0.285
21.900 0.715 0.285
22.000 0.715 0.285
22.100 0.715 0.285
22.200 0.715 0.285
22.300 0.715 0.285
22.400 0.715 0.285
22.500 0.716 0.284
22.600 0.716 0.284
22.700 0.717 0.283
22.800 0.717 0.283
22.900 0.717 0.283
23.000 0.717 0.283
23.100 0.717 0.283
23.200 0.717 0.283
23.300 0.717 0.283
23.400 0.718 0.282
23.500 0.719 0.281
23.600 0.72 0.28
23.700 0.721 0.279
23.800 0.722 0.278
23.900 0.722 0.278
24.000 0.722 0.278
24.100 0.722 0.278
24.200 0.722 0.278
24.300 0.723 0.277
24.400 0.724 0.276
24.500 0.725 0.275
24.600 0.727 0.273
24.700 0.728 0.272
24.800 0.729 0.271
24.900 0.733 0.267
25.000 0.733 0.267
25.100 0.737 0.263
25.200 0.74 0.26
25.300 0.744 0.256
25.400 0.748 0.252
25.500 0.753 0.247
25.600 0.757 0.243
25.700 0.757 0.243
25.800 0.76 0.24
25.900 0.766 0.234
26.000 0.771 0.229
26.100 0.774 0.226
26.200 0.777 0.223
26.300 0.783 0.217
26.400 0.786 0.214
26.500 0.788 0.212
26.600 0.789 0.211
26.700 0.794 0.206
26.800 0.796 0.204
26.900 0.801 0.199
27.000 0.804 0.196
27.100 0.809 0.191
27.200 0.811 0.189
27.300 0.812 0.188
27.400 0.815 0.185
27.500 0.819 0.181
27.600 0.821 0.179
27.700 0.824 0.176
27.800 0.826 0.174
27.900 0.834 0.166
28.000 0.834 0.166
28.100 0.838 0.162
28.200 0.841 0.159
28.300 0.846 0.154
28.400 0.846 0.154
28.500 0.849 0.151
28.600 0.854 0.146
28.700 0.855 0.145
28.800 0.858 0.142
28.900 0.857 0.143
29.000 0.86 0.14
29.100 0.86 0.14
29.200 0.861 0.139
29.300 0.863 0.137
29.400 0.865 0.135
29.500 0.868 0.132
29.600 0.87 0.13
29.700 0.872 0.128
29.800 0.875 0.125
29.900 0.88 0.12
30.000 0.881 0.119
30.100 0.883 0.117
30.200 0.883 0.117
30.300 0.884 0.116
30.400 0.885 0.115
30.500 0.884 0.116
30.600 0.887 0.113
30.700 0.889 0.111
30.800 0.892 0.108
30.900 0.894 0.106
31.000 0.895 0.105
31.100 0.897 0.103
31.200 0.902 0.098
31.300 0.902 0.098
31.400 0.903 0.097
31.500 0.903 0.097
31.600 0.903 0.097
31.700 0.904 0.096
31.800 0.904 0.096
31.900 0.907 0.093
32.000 0.906 0.094
32.100 0.908 0.092
32.200 0.907 0.093
32.300 0.908 0.092
32.400 0.909 0.091
32.500 0.911 0.089
32.600 0.913 0.087
32.700 0.913 0.087
32.800 0.913 0.087
32.900 0.912 0.088
33.000 0.91 0.09
33.100 0.911 0.089
33.200 0.911 0.089
33.300 0.91 0.09
33.400 0.912 0.088
33.500 0.912 0.088
33.600 0.912 0.088
33.700 0.911 0.089
33.800 0.911 0.089
33.900 0.912 0.088
34.000 0.912 0.088
34.100 0.912 0.088
34.200 0.912 0.088
34.300 0.912 0.088
34.400 0.911 0.089
34.500 0.911 0.089
34.600 0.911 0.089
34.700 0.91 0.09
34.800 0.91 0.09
34.900 0.91 0.09
35.000 0.911 0.089
35.100 0.91 0.09
35.200 0.91 0.09
35.300 0.909 0.091
35.400 0.909 0.091
35.500 0.909 0.091
35.600 0.909 0.091
35.700 0.909 0.091
35.800 0.909 0.091
35.900 0.909 0.091
36.000 0.909 0.091
36.100 0.908 0.092
36.200 0.908 0.092
36.300 0.908 0.092
36.400 0.908 0.092
36.500 0.907 0.093
36.600 0.906 0.094
36.700 0.905 0.095
36.800 0.905 0.095
36.900 0.905 0.095
37.000 0.904 0.096
37.100 0.903 0.097
37.200 0.903 0.097
37.300 0.903 0.097
37.400 0.903 0.097
37.500 0.903 0.097
37.600 0.904 0.096
37.700 0.904 0.096
37.800 0.904 0.096
37.900 0.904 0.096
38.000 0.904 0.096
38.100 0.904 0.096
38.200 0.904 0.096
38.300 0.904 0.096
38.400 0.904 0.096
38.500 0.904 0.096
38.600 0.904 0.096
38.700 0.904 0.096
38.800 0.904 0.096
38.900 0.904 0.096
39.000 0.904 0.096
39.100 0.905 0.095
39.200 0.905 0.095
39.300 0.905 0.095
39.400 0.905 0.095
39.500 0.905 0.095
39.600 0.905 0.095
39.700 0.905 0.095
39.800 0.905 0.095
39.900 0.905 0.095
40.000 0.905 0.095
40.100 0.905 0.095
40.200 0.905 0.095
40.300 0.905 0.095
40.400 0.905 0.095
40.500 0.905 0.095
40.600 0.905 0.095
40.700 0.905 0.095
40.800 0.906 0.094
40.900 0.905 0.095
41.000 0.906 0.094
41.100 0.905 0.095
41.200 0.906 0.094
41.300 0.907 0.093
41.400 0.907 0.093
41.500 0.907 0.093
41.600 0.909 0.091
41.700 0.909 0.091
41.800 0.909 0.091
41.900 0.909 0.091
42.000 0.909 0.091
42.100 0.909 0.091
42.200 0.909 0.091
42.300 0.909 0.091
42.400 0.909 0.091
42.500 0.909 0.091
42.600 0.909 0.091
42.700 0.909 0.091
42.800 0.909 0.091
42.900 0.909 0.091
43.000 0.909 0.091
43.100 0.91 0.09
43.200 0.91 0.09
43.300 0.91 0.09
43.400 0.91 0.09
43.500 0.91 0.09
43.600 0.91 0.09
43.700 0.91 0.09
43.800 0.91 0.09
43.900 0.91 0.09
44.000 0.912 0.088
44.100 0.914 0.086
44.200 0.914 0.086
44.300 0.914 0.086
44.400 0.916 0.084
44.500 0.916 0.084
44.600 0.916 0.084
44.700 0.917 0.083
44.800 0.918 0.082
44.900 0.92 0.08
45.000 0.921 0.079
45.100 0.922 0.078
45.200 0.923 0.077
45.300 0.924 0.076
45.400 0.925 0.075
45.500 0.927 0.073
45.600 0.93 0.07
45.700 0.931 0.069
45.800 0.932 0.068
45.900 0.932 0.068
46.000 0.933 0.067
46.100 0.935 0.065
46.200 0.936 0.064
46.300 0.936 0.064
46.400 0.936 0.064
46.500 0.936 0.064
46.600 0.936 0.064
46.700 0.936 0.064
46.800 0.936 0.064
46.900 0.938 0.062
47.000 0.939 0.061
47.100 0.939 0.061
47.200 0.939 0.061
47.300 0.939 0.061
47.400 0.941 0.059
47.500 0.941 0.059
47.600 0.942 0.058
47.700 0.941 0.059
47.800 0.941 0.059
47.900 0.941 0.059
48.000 0.943 0.057
48.100 0.943 0.057
48.200 0.944 0.056
48.300 0.945 0.055
48.400 0.945 0.055
48.500 0.946 0.054
48.600 0.946 0.054
48.700 0.947 0.053
48.800 0.946 0.054
48.900 0.948 0.052
49.000 0.948 0.052
49.100 0.949 0.051
49.200 0.949 0.051
49.300 0.949 0.051
49.400 0.949 0.051
49.500 0.949 0.051
49.600 0.949 0.051
49.700 0.949 0.051
49.800 0.949 0.051
49.900 0.949 0.051
50.000 0.95 0.05
50.100 0.951 0.049
50.200 0.952 0.048
50.300 0.952 0.048
50.400 0.951 0.049
50.500 0.951 0.049
50.600 0.951 0.049
50.700 0.951 0.049
50.800 0.951 0.049
50.900 0.951 0.049
51.000 0.951 0.049
51.100 0.951 0.049
51.200 0.951 0.049
51.300 0.951 0.049
51.400 0.952 0.048
51.500 0.952 0.048
51.600 0.953 0.047
51.700 0.953 0.047
51.800 0.954 0.046
51.900 0.954 0.046
52.000 0.954 0.046
52.100 0.954 0.046
52.200 0.954 0.046
52.300 0.954 0.046
52.400 0.955 0.045
52.500 0.955 0.045
52.600 0.955 0.045
52.700 0.955 0.045
52.800 0.956 0.044
52.900 0.956 0.044
53.000 0.956 0.044
53.100 0.957 0.043
53.200 0.957 0.043
53.300 0.957 0.043
53.400 0.957 0.043
53.500 0.957 0.043
53.600 0.957 0.043
53.700 0.957 0.043
53.800 0.957 0.043
53.900 0.957 0.043
54.000 0.957 0.043
54.100 0.957 0.043
54.200 0.957 0.043
54.300 0.957 0.043
54.400 0.958 0.042
54.500 0.959 0.041
54.600 0.959 0.041
54.700 0.959 0.041
54.800 0.959 0.041
54.900 0.959 0.041
55.000 0.959 0.041
55.100 0.959 0.041
55.200 0.959 0.041
55.300 0.959 0.041
55.400 0.96 0.04
55.500 0.96 0.04
55.600 0.96 0.04
55.700 0.96 0.04
55.800 0.96 0.04
55.900 0.96 0.04
56.000 0.96 0.04
56.100 0.96 0.04
56.200 0.96 0.04
56.300 0.96 0.04
56.400 0.96 0.04
56.500 0.96 0.04
56.600 0.959 0.041
56.700 0.959 0.041
56.800 0.959 0.041
56.900 0.959 0.041
57.000 0.959 0.041
57.100 0.959 0.041
57.200 0.959 0.041
57.300 0.959 0.041
57.400 0.959 0.041
57.500 0.959 0.041
57.600 0.959 0.041
57.700 0.959 0.041
57.800 0.959 0.041
57.900 0.959 0.041
58.000 0.959 0.041
58.100 0.959 0.041
58.200 0.959 0.041
58.300 0.959 0.041
58.400 0.959 0.041
58.500 0.959 0.041
58.600 0.959 0.041
58.700 0.959 0.041
58.800 0.959 0.041
58.900 0.959 0.041
59.000 0.959 0.041
59.100 0.959 0.041
59.200 0.959 0.041
59.300 0.959 0.041
59.400 0.959 0.041
59.500 0.959 0.041
59.600 0.959 0.041
59.700 0.959 0.041
59.800 0.959 0.041
59.900 0.959 0.041
60.000 0.959 0.041
