0.000 0.0 1.0
0.100 0.0 1.0
0.200 0.0 1.0
0.300 0.0 1.0
0.400 0.0 1.0
0.500 0.0 1.0
0.600 0.0 1.0
0.700 0.0 1.0
0.800 0.0 1.0
0.900 0.0 1.0
1.000 0.0 1.0
1.100 0.0 1.0
1.200 0.0 1.0
1.300 0.0 1.0
1.400 0.0 1.0
1.500 0.0 1.0
1.600 0.0 1.0
1.700 0.0 1.0
1.800 0.0 1.0
1.900 0.0 1.0
2.000 0.0 1.0
2.100 0.0 1.0
2.200 0.0 1.0
2.300 0.0 1.0
2.400 0.0 1.0
2.500 0.0 1.0
2.600 0.0 1.0
2.700 0.0 1.0
2.800 0.0 1.0
2.900 0.0 1.0
3.000 0.0 1.0
3.100 0.0 1.0
3.200 0.0 1.0
3.300 0.0 1.0
3.400 0.0 1.0
3.500 0.0 1.0
3.600 0.0 1.0
3.700 0.0 1.0
3.800 0.0 1.0
3.900 0.0 1.0
4.000 0.0 1.0
4.100 0.0 1.0
4.200 0.0 1.0
4.300 0.0 1.0
4.400 0.0 1.0
4.500 0.0 1.0
4.600 0.0 1.0
4.700 0.0 1.0
4.800 0.0 1.0
4.900 0.0 1.0
5.000 0.0 1.0
5.100 0.0 1.0
5.200 0.0 1.0
5.300 0.0 1.0
5.400 0.001 0.999
5.500 0.002 0.998
5.600 0.002 0.998
5.700 0.002 0.998
5.800 0.003 0.997
5.900 0.006 0.994
6.000 0.007 0.993
6.100 0.008 0.992
6.200 0.009 0.991
6.300 0.017 0.983
6.400 0.026 0.974
6.500 0.031 0.969
6.600 0.039 0.961
6.700 0.049 0.951
6.800 0.06 0.94
6.900 0.075 0.925
7.000 0.088 0.912
7.100 0.106 0.894
7.200 0.126 0.874
7.300 0.14 0.86
7.400 0.159 0.841
7.500 0.183 0.817
7.600 0.206 0.794
7.700 0.228 0.772
7.800 0.26 0.74
7.900 0.283 0.717
8.000 0.309 0.691
8.100 0.336 0.664
8.200 0.362 0.638
8.300 0.389 0.611
8.400 0.414 0.586
8.500 0.437 0.563
8.600 0.455 0.545
8.700 0.475 0.525
8.800 0.488 0.512
8.900 0.509 0.491
9.000 0.525 0.475
9.100 0.544 0.456
9.200 0.554 0.446
9.300 0.566 0.434
9.400 0.578 0.422
9.500 0.587 0.413
9.600 0.593 0.407
9.700 0.599 0.401
9.800 0.609 0.391
9.900 0.612 0.388
10.000 0.622 0.378
10.100 0.632 0.368
10.200 0.636 0.364
10.300 0.643 0.357
10.400 0.652 0.348
10.500 0.657 0.343
10.600 0.665 0.335
10.700 0.677 0.323
10.800 0.681 0.319
10.900 0.685 0.315
11.000 0.695 0.305
11.100 0.705 0.295
11.200 0.712 0.288
11.300 0.72 0.28
11.400 0.729 0.271
11.500 0.73 0.27
11.600 0.739 0.261
11.700 0.745 0.255
11.800 0.752 0.248
11.900 0.759 0.241
12.000 0.77 0.23
12.100 0.774 0.226
12.200 0.782 0.218
12.300 0.788 0.212
12.400 0.79 0.21
12.500 0.793 0.207
12.600 0.795 0.205
12.700 0.8 0.2
12.800 0.797 0.203
12.900 0.795 0.205
13.000 0.792 0.208
13.100 0.793 0.207
13.200 0.792 0.208
13.300 0.792 0.208
13.400 0.795 0.205
13.500 0.794 0.206
13.600 0.792 0.208
13.700 0.787 0.213
13.800 0.783 0.217
13.900 0.783 0.217
14.000 0.778 0.222
14.100 0.778 0.222
14.200 0.774 0.226
14.300 0.77 0.23
14.400 0.77 0.23
14.500 0.765 0.235
14.600 0.762 0.238
14.700 0.758 0.242
14.800 0.755 0.245
14.900 0.751 0.249
15.000 0.745 0.255
15.100 0.74 0.26
15.200 0.738 0.262
15.300 0.735 0.265
15.400 0.729 0.271
15.500 0.727 0.273
15.600 0.723 0.277
15.700 0.721 0.279
15.800 0.716 0.284
15.900 0.715 0.285
16.000 0.712 0.288
16.100 0.711 0.289
16.200 0.708 0.292
16.300 0.703 0.297
16.400 0.703 0.297
16.500 0.701 0.299
16.600 0.697 0.303
16.700 0.693 0.307
16.800 0.693 0.307
16.900 0.691 0.309
17.000 0.69 0.31
17.100 0.69 0.31
17.200 0.69 0.31
17.300 0.689 0.311
17.400 0.688 0.312
17.500 0.687 0.313
17.600 0.686 0.314
17.700 0.686 0.314
17.800 0.686 0.314
17.900 0.685 0.315
18.000 0.685 0.315
18.100 0.685 0.315
18.200 0.685 0.315
18.300 0.685 0.315
18.400 0.685 0.315
18.500 0.685 0.315
18.600 0.685 0.315
18.700 0.685 0.315
18.800 0.685 0.315
18.900 0.685 0.315
19.000 0.685 0.315
19.100 0.685 0.315
19.200 0.685 0.315
19.300 0.685 0.315
19.400 0.685 0.315
19.500 0.685 0.315
19.600 0.685 0.315
19.700 0.685 0.315
19.800 0.685 0.315
19.900 0.685 0.315
20.000 0.685 0.315
20.100 0.685 0.315
20.200 0.685 0.315
20.300 0.685 0.315
20.400 0.685 0.315
20.500 0.685 0.315
20.600 0.685 0.315
20.700 0.685 0.315
20.800 0.685 0.315
20.900 0.685 0.315
21.000 0.685 0.315
21.100 0.685 0.315
21.200 0.685 0.315
21.300 0.685 0.315
21.400 0.685 0.315
21.500 0.685 0.315
21.600 0.685 0.315
21.700 0.685 0.315
21.800 0.685 0.315
21.900 0.685 0.315
22.000 0.685 0.315
22.100 0.685 0.315
22.200 0.685 0.315
22.300 0.685 0.315
22.400 0.685 0.315
22.500 0.685 0.315
22.600 0.685 0.315
22.700 0.685 0.315
22.800 0.685 0.315
22.900 0.685 0.315
23.000 0.685 0.315
23.100 0.685 0.315
23.200 0.685 0.315
23.300 0.685 0.315
23.400 0.685 0.315
23.500 0.685 0.315
23.600 0.685 0.315
23.700 0.685 0.315
23.800 0.686 0.314
23.900 0.687 0.313
24.000 0.688 0.312
24.100 0.688 0.312
24.200 0.69 0.31
24.300 0.69 0.31
24.400 0.691 0.309
24.500 0.693 0.307
24.600 0.693 0.307
24.700 0.696 0.304
24.800 0.701 0.299
24.900 0.701 0.299
25.000 0.704 0.296
25.100 0.707 0.293
25.200 0.709 0.291
25.300 0.709 0.291
25.400 0.711 0.289
25.500 0.712 0.288
25.600 0.714 0.286
25.700 0.716 0.284
25.800 0.718 0.282
25.900 0.719 0.281
26.000 0.722 0.278
26.100 0.732 0.268
26.200 0.737 0.263
26.300 0.742 0.258
26.400 0.748 0.252
26.500 0.75 0.25
26.600 0.753 0.247
26.700 0.755 0.245
26.800 0.76 0.24
26.900 0.765 0.235
27.000 0.771 0.229
27.100 0.772 0.228
27.200 0.777 0.223
27.300 0.78 0.22
27.400 0.784 0.216
27.500 0.787 0.213
27.600 0.788 0.212
27.700 0.79 0.21
27.800 0.794 0.206
27.900 0.794 0.206
28.000 0.797 0.203
28.100 0.798 0.202
28.200 0.804 0.196
28.300 0.809 0.191
28.400 0.815 0.185
28.500 0.82 0.18
28.600 0.822 0.178
28.700 0.826 0.174
28.800 0.826 0.174
28.900 0.831 0.169
29.000 0.837 0.163
29.100 0.839 0.161
29.200 0.842 0.158
29.300 0.845 0.155
29.400 0.848 0.152
29.500 0.849 0.151
29.600 0.85 0.15
29.700 0.853 0.147
29.800 0.858 0.142
29.900 0.861 0.139
30.000 0.866 0.134
30.100 0.87 0.13
30.200 0.876 0.124
30.300 0.877 0.123
30.400 0.879 0.121
30.500 0.88 0.12
30.600 0.88 0.12
30.700 0.882 0.118
30.800 0.883 0.117
30.900 0.884 0.116
31.000 0.884 0.116
31.100 0.885 0.115
31.200 0.887 0.113
31.300 0.887 0.113
31.400 0.887 0.113
31.500 0.889 0.111
31.600 0.89 0.11
31.700 0.891 0.109
31.800 0.891 0.109
31.900 0.891 0.109
32.000 0.891 0.109
32.100 0.894 0.106
32.200 0.897 0.103
32.300 0.896 0.104
32.400 0.895 0.105
32.500 0.894 0.106
32.600 0.896 0.104
32.700 0.898 0.102
32.800 0.899 0.101
32.900 0.899 0.101
33.000 0.899 0.101
33.100 0.898 0.102
33.200 0.898 0.102
33.300 0.897 0.103
33.400 0.895 0.105
33.500 0.894 0.106
33.600 0.893 0.107
33.700 0.893 0.107
33.800 0.893 0.107
33.900 0.892 0.108
34.000 0.893 0.107
34.100 0.892 0.108
34.200 0.892 0.108
34.300 0.892 0.108
34.400 0.891 0.109
34.500 0.89 0.11
34.600 0.89 0.11
34.700 0.89 0.11
34.800 0.89 0.11
34.900 0.889 0.111
35.000 0.889 0.111
35.100 0.889 0.111
35.200 0.888 0.112
35.300 0.887 0.113
35.400 0.887 0.113
35.500 0.887 0.113
35.600 0.887 0.113
35.700 0.885 0.115
35.800 0.885 0.115
35.900 0.884 0.116
36.000 0.884 0.116
36.100 0.884 0.116
36.200 0.883 0.117
36.300 0.883 0.117
36.400 0.883 0.117
36.500 0.882 0.118
36.600 0.881 0.119
36.700 0.881 0.119
36.800 0.88 0.12
36.900 0.88 0.12
37.000 0.88 0.12
37.100 0.88 0.12
37.200 0.88 0.12
37.300 0.88 0.12
37.400 0.88 0.12
37.500 0.879 0.121
37.600 0.88 0.12
37.700 0.88 0.12
37.800 0.88 0.12
37.900 0.88 0.12
38.000 0.88 0.12
38.100 0.88 0.12
38.200 0.88 0.12
38.300 0.88 0.12
38.400 0.879 0.121
38.500 0.879 0.121
38.600 0.879 0.121
38.700 0.879 0.121
38.800 0.879 0.121
38.900 0.879 0.121
39.000 0.879 0.121
39.100 0.879 0.121
39.200 0.879 0.121
39.300 0.879 0.121
39.400 0.879 0.121
39.500 0.879 0.121
39.600 0.879 0.121
39.700 0.879 0.121
39.800 0.879 0.121
39.900 0.879 0.121
40.000 0.879 0.121
40.100 0.879 0.121
40.200 0.879 0.121
40.300 0.879 0.121
40.400 0.879 0.121
40.500 0.879 0.121
40.600 0.879 0.121
40.700 0.879 0.121
40.800 0.879 0.121
40.900 0.879 0.121
41.000 0.879 0.121
41.100 0.879 0.121
41.200 0.879 0.121
41.300 0.879 0.121
41.400 0.879 0.121
41.500 0.879 0.121
41.600 0.879 0.121
41.700 0.879 0.121
41.800 0.879 0.121
41.900 0.879 0.121
42.000 0.879 0.121
42.100 0.879 0.121
42.200 0.879 0.121
42.300 0.879 0.121
42.400 0.879 0.121
42.500 0.879 0.121
42.600 0.879 0.121
42.700 0.879 0.121
42.800 0.879 0.121
42.900 0.88 0.12
43.000 0.88 0.12
43.100 0.88 0.12
43.200 0.88 0.12
43.300 0.88 0.12
43.400 0.88 0.12
43.500 0.88 0.12
43.600 0.881 0.119
43.700 0.881 0.119
43.800 0.881 0.119
43.900 0.882 0.118
44.000 0.882 0.118
44.100 0.882 0.118
44.200 0.882 0.118
44.300 0.883 0.117
44.400 0.884 0.116
44.500 0.884 0.116
44.600 0.884 0.116
44.700 0.884 0.116
44.800 0.884 0.116
44.900 0.884 0.116
45.000 0.885 0.115
45.100 0.886 0.114
45.200 0.886 0.114
45.300 0.887 0.113
45.400 0.888 0.112
45.500 0.89 0.11
45.600 0.89 0.11
45.700 0.89 0.11
45.800 0.89 0.11
45.900 0.892 0.108
46.000 0.893 0.107
46.100 0.893 0.107
46.200 0.895 0.105
46.300 0.898 0.102
46.400 0.899 0.101
46.500 0.899 0.101
46.600 0.899 0.101
46.700 0.9 0.1
46.800 0.9 0.1
46.900 0.9 0.1
47.000 0.9 0.1
47.100 0.901 0.099
47.200 0.902 0.098
47.300 0.903 0.097
47.400 0.905 0.095
47.500 0.907 0.093
47.600 0.91 0.09
47.700 0.913 0.087
47.800 0.913 0.087
47.900 0.915 0.085
48.000 0.916 0.084
48.100 0.916 0.084
48.200 0.916 0.084
48.300 0.918 0.082
48.400 0.919 0.081
48.500 0.92 0.08
48.600 0.92 0.08
48.700 0.921 0.079
48.800 0.922 0.078
48.900 0.922 0.078
49.000 0.922 0.078
49.100 0.923 0.077
49.200 0.923 0.077
49.300 0.923 0.077
49.400 0.924 0.076
49.500 0.925 0.075
49.600 0.927 0.073
49.700 0.927 0.073
49.800 0.928 0.072
49.900 0.928 0.072
50.000 0.929 0.071
50.100 0.929 0.071
50.200 0.929 0.071
50.300 0.929 0.071
50.400 0.929 0.071
50.500 0.929 0.071
50.600 0.931 0.069
50.700 0.932 0.068
50.800 0.932 0.068
50.900 0.932 0.068
51.000 0.932 0.068
51.100 0.932 0.068
51.200 0.934 0.066
51.300 0.934 0.066
51.400 0.934 0.066
51.500 0.934 0.066
51.600 0.935 0.065
51.700 0.935 0.065
51.800 0.935 0.065
51.900 0.934 0.066
52.000 0.934 0.066
52.100 0.932 0.068
52.200 0.932 0.068
52.300 0.933 0.067
52.400 0.933 0.067
52.500 0.933 0.067
52.600 0.933 0.067
52.700 0.933 0.067
52.800 0.933 0.067
52.900 0.933 0.067
53.000 0.933 0.067
53.100 0.934 0.066
53.200 0.933 0.067
53.300 0.933 0.067
53.400 0.933 0.067
53.500 0.933 0.067
53.600 0.933 0.067
53.700 0.934 0.066
53.800 0.934 0.066
53.900 0.934 0.066
54.000 0.934 0.066
54.100 0.933 0.067
54.200 0.934 0.066
54.300 0.933 0.067
54.400 0.933 0.067
54.500 0.932 0.068
54.600 0.932 0.068
54.700 0.932 0.068
54.800 0.932 0.068
54.900 0.932 0.068
55.000 0.932 0.068
55.100 0.932 0.068
55.200 0.932 0.068
55.300 0.932 0.068
55.400 0.932 0.068
55.500 0.932 0.068
55.600 0.932 0.068
55.700 0.932 0.068
55.800 0.932 0.068
55.900 0.932 0.068
56.000 0.932 0.068
56.100 0.932 0.068
56.200 0.932 0.068
56.300 0.932 0.068
56.400 0.932 0.068
56.500 0.932 0.068
56.600 0.931 0.069
56.700 0.931 0.069
56.800 0.931 0.069
56.900 0.931 0.069
57.000 0.93 0.07
57.100 0.93 0.07
57.200 0.93 0.07
57.300 0.93 0.07
57.400 0.93 0.07
57.500 0.93 0.07
57.600 0.93 0.07
57.700 0.93 0.07
57.800 0.93 0.07
57.900 0.93 0.07
58.000 0.93 0.07
58.100 0.93 0.07
58.200 0.93 0.07
58.300 0.93 0.07
58.400 0.93 0.07
58.500 0.93 0.07
58.600 0.93 0.07
58.700 0.93 0.07
58.800 0.93 0.07
58.900 0.93 0.07
59.000 0.93 0.07
59.100 0.93 0.07
59.200 0.93 0.07
59.300 0.93 0.07
59.400 0.93 0.07
59.500 0.93 0.07
59.600 0.93 0.07
59.700 0.93 0.07
59.800 0.93 0.07
59.900 0.93 0.07
60.000 0.93 0.07
