0.000 0.0 1.0
0.100 0.0 1.0
0.200 0.0 1.0
0.300 0.0 1.0
0.400 0.0 1.0
0.500 0.0 1.0
0.600 0.0 1.0
0.700 0.0 1.0
0.800 0.0 1.0
0.900 0.0 1.0
1.000 0.0 1.0
1.100 0.0 1.0
1.200 0.0 1.0
1.300 0.0 1.0
1.400 0.0 1.0
1.500 0.0 1.0
1.600 0.0 1.0
1.700 0.0 1.0
1.800 0.0 1.0
1.900 0.0 1.0
2.000 0.0 1.0
2.100 0.0 1.0
2.200 0.0 1.0
2.300 0.0 1.0
2.400 0.0 1.0
2.500 0.0 1.0
2.600 0.0 1.0
2.700 0.0 1.0
2.800 0.0 1.0
2.900 0.0 1.0
3.000 0.0 1.0
3.100 0.0 1.0
3.200 0.0 1.0
3.300 0.0 1.0
3.400 0.0 1.0
3.500 0.0 1.0
3.600 0.0 1.0
3.700 0.0 1.0
3.800 0.0 1.0
3.900 0.0 1.0
4.000 0.0 1.0
4.100 0.0 1.0
4.200 0.0 1.0
4.300 0.0 1.0
4.400 0.0 1.0
4.500 0.0 1.0
4.600 0.0 1.0
4.700 0.0 1.0
4.800 0.0 1.0
4.900 0.0 1.0
5.000 0.0 1.0
5.100 0.0 1.0
5.200 0.001 0.999
5.300 0.001 0.999
5.400 0.001 0.999
5.500 0.002 0.998
5.600 0.003 0.997
5.700 0.006 0.994
5.800 0.008 0.992
5.900 0.008 0.992
6.000 0.011 0.989
6.100 0.017 0.983
6.200 0.02 0.98
6.300 0.029 0.971
6.400 0.039 0.961
6.500 0.051 0.949
6.600 0.06 0.94
6.700 0.068 0.932
6.800 0.082 0.918
6.900 0.091 0.909
7.000 0.106 0.894
7.100 0.116 0.884
7.200 0.132 0.868
7.300 0.143 0.857
7.400 0.165 0.835
7.500 0.176 0.824
7.600 0.201 0.799
7.700 0.218 0.782
7.800 0.242 0.758
7.900 0.265 0.735
8.000 0.287 0.713
8.100 0.314 0.686
8.200 0.335 0.665
8.300 0.351 0.649
8.400 0.367 0.633
8.500 0.385 0.615
8.600 0.408 0.592
8.700 0.421 0.579
8.800 0.439 0.561
8.900 0.452 0.548
9.000 0.466 0.534
9.100 0.483 0.517
9.200 0.493 0.507
9.300 0.502 0.498
9.400 0.517 0.483
9.500 0.525 0.475
9.600 0.536 0.464
9.700 0.543 0.457
9.800 0.55 0.45
9.900 0.554 0.446
10.000 0.561 0.439
10.100 0.566 0.434
10.200 0.571 0.429
10.300 0.581 0.419
10.400 0.585 0.415
10.500 0.594 0.406
10.600 0.602 0.398
10.700 0.608 0.392
10.800 0.612 0.388
10.900 0.618 0.382
11.000 0.623 0.377
11.100 0.631 0.369
11.200 0.636 0.364
11.300 0.643 0.357
11.400 0.649 0.351
11.500 0.655 0.345
11.600 0.661 0.339
11.700 0.665 0.335
11.800 0.671 0.329
11.900 0.678 0.322
12.000 0.684 0.316
12.100 0.692 0.308
12.200 0.695 0.305
12.300 0.704 0.296
12.400 0.71 0.29
12.500 0.713 0.287
12.600 0.718 0.282
12.700 0.718 0.282
12.800 0.721 0.279
12.900 0.727 0.273
13.000 0.733 0.267
13.100 0.736 0.264
13.200 0.738 0.262
13.300 0.74 0.26
13.400 0.74 0.26
13.500 0.742 0.258
13.600 0.744 0.256
13.700 0.747 0.253
13.800 0.747 0.253
13.900 0.747 0.253
14.000 0.744 0.256
14.100 0.739 0.261
14.200 0.737 0.263
14.300 0.737 0.263
14.400 0.736 0.264
14.500 0.735 0.265
14.600 0.733 0.267
14.700 0.73 0.27
14.800 0.727 0.273
14.900 0.727 0.273
15.000 0.724 0.276
15.100 0.72 0.28
15.200 0.716 0.284
15.300 0.713 0.287
15.400 0.709 0.291
15.500 0.706 0.294
15.600 0.704 0.296
15.700 0.701 0.299
15.800 0.696 0.304
15.900 0.694 0.306
16.000 0.694 0.306
16.100 0.691 0.309
16.200 0.691 0.309
16.300 0.689 0.311
16.400 0.686 0.314
16.500 0.686 0.314
16.600 0.685 0.315
16.700 0.684 0.316
16.800 0.683 0.317
16.900 0.679 0.321
17.000 0.678 0.322
17.100 0.677 0.323
17.200 0.676 0.324
17.300 0.674 0.326
17.400 0.675 0.325
17.500 0.674 0.326
17.600 0.674 0.326
17.700 0.674 0.326
17.800 0.674 0.326
17.900 0.673 0.327
18.000 0.673 0.327
18.100 0.672 0.328
18.200 0.672 0.328
18.300 0.67 0.33
18.400 0.669 0.331
18.500 0.669 0.331
18.600 0.669 0.331
18.700 0.669 0.331
18.800 0.67 0.33
18.900 0.67 0.33
19.000 0.67 0.33
19.100 0.67 0.33
19.200 0.67 0.33
19.300 0.67 0.33
19.400 0.67 0.33
19.500 0.671 0.329
19.600 0.671 0.329
19.700 0.671 0.329
19.800 0.671 0.329
19.900 0.671 0.329
20.000 0.671 0.329
20.100 0.671 0.329
20.200 0.671 0.329
20.300 0.672 0.328
20.400 0.672 0.328
20.500 0.672 0.328
20.600 0.673 0.327
20.700 0.673 0.327
20.800 0.673 0.327
20.900 0.673 0.327
21.000 0.673 0.327
21.100 0.673 0.327
21.200 0.673 0.327
21.300 0.673 0.327
21.400 0.673 0.327
21.500 0.673 0.327
21.600 0.673 0.327
21.700 0.673 0.327
21.800 0.673 0.327
21.900 0.673 0.327
22.000 0.673 0.327
22.100 0.673 0.327
22.200 0.674 0.326
22.300 0.674 0.326
22.400 0.674 0.326
22.500 0.674 0.326
22.600 0.674 0.326
22.700 0.674 0.326
22.800 0.674 0.326
22.900 0.674 0.326
23.000 0.674 0.326
23.100 0.675 0.325
23.200 0.675 0.325
23.300 0.676 0.324
23.400 0.676 0.324
23.500 0.677 0.323
23.600 0.677 0.323
23.700 0.677 0.323
23.800 0.679 0.321
23.900 0.681 0.319
24.000 0.682 0.318
24.100 0.682 0.318
24.200 0.682 0.318
24.300 0.684 0.316
24.400 0.684 0.316
24.500 0.686 0.314
24.600 0.687 0.313
24.700 0.689 0.311
24.800 0.692 0.308
24.900 0.694 0.306
25.000 0.695 0.305
25.100 0.699 0.301
25.200 0.7 0.3
25.300 0.706 0.294
25.400 0.712 0.288
25.500 0.718 0.282
25.600 0.722 0.278
25.700 0.728 0.272
25.800 0.732 0.268
25.900 0.736 0.264
26.000 0.739 0.261
26.100 0.743 0.257
26.200 0.744 0.256
26.300 0.748 0.252
26.400 0.751 0.249
26.500 0.757 0.243
26.600 0.759 0.241
26.700 0.765 0.235
26.800 0.767 0.233
26.900 0.77 0.23
27.000 0.77 0.23
27.100 0.776 0.224
27.200 0.779 0.221
27.300 0.783 0.217
27.400 0.788 0.212
27.500 0.79 0.21
27.600 0.792 0.208
27.700 0.793 0.207
27.800 0.796 0.204
27.900 0.797 0.203
28.000 0.798 0.202
28.100 0.799 0.201
28.200 0.807 0.193
28.300 0.809 0.191
28.400 0.813 0.187
28.500 0.815 0.185
28.600 0.817 0.183
28.700 0.82 0.18
28.800 0.822 0.178
28.900 0.824 0.176
29.000 0.827 0.173
29.100 0.829 0.171
29.200 0.832 0.168
29.300 0.835 0.165
29.400 0.842 0.158
29.500 0.844 0.156
29.600 0.846 0.154
29.700 0.847 0.153
29.800 0.85 0.15
29.900 0.852 0.148
30.000 0.853 0.147
30.100 0.857 0.143
30.200 0.857 0.143
30.300 0.857 0.143
30.400 0.857 0.143
30.500 0.858 0.142
30.600 0.859 0.141
30.700 0.859 0.141
30.800 0.862 0.138
30.900 0.863 0.137
31.000 0.864 0.136
31.100 0.864 0.136
31.200 0.867 0.133
31.300 0.868 0.132
31.400 0.869 0.131
31.500 0.87 0.13
31.600 0.871 0.129
31.700 0.871 0.129
31.800 0.872 0.128
31.900 0.873 0.127
32.000 0.875 0.125
32.100 0.875 0.125
32.200 0.876 0.124
32.300 0.877 0.123
32.400 0.878 0.122
32.500 0.878 0.122
32.600 0.879 0.121
32.700 0.879 0.121
32.800 0.883 0.117
32.900 0.884 0.116
33.000 0.884 0.116
33.100 0.884 0.116
33.200 0.883 0.117
33.300 0.883 0.117
33.400 0.882 0.118
33.500 0.88 0.12
33.600 0.88 0.12
33.700 0.881 0.119
33.800 0.879 0.121
33.900 0.88 0.12
34.000 0.879 0.121
34.100 0.879 0.121
34.200 0.878 0.122
34.300 0.878 0.122
34.400 0.877 0.123
34.500 0.875 0.125
34.600 0.876 0.124
34.700 0.877 0.123
34.800 0.877 0.123
34.900 0.877 0.123
35.000 0.878 0.122
35.100 0.877 0.123
35.200 0.878 0.122
35.300 0.877 0.123
35.400 0.877 0.123
35.500 0.877 0.123
35.600 0.877 0.123
35.700 0.877 0.123
35.800 0.877 0.123
35.900 0.877 0.123
36.000 0.876 0.124
36.100 0.876 0.124
36.200 0.876 0.124
36.300 0.877 0.123
36.400 0.877 0.123
36.500 0.877 0.123
36.600 0.877 0.123
36.700 0.876 0.124
36.800 0.876 0.124
36.900 0.876 0.124
37.000 0.876 0.124
37.100 0.876 0.124
37.200 0.876 0.124
37.300 0.876 0.124
37.400 0.876 0.124
37.500 0.876 0.124
37.600 0.876 0.124
37.700 0.876 0.124
37.800 0.876 0.124
37.900 0.876 0.124
38.000 0.876 0.124
38.100 0.876 0.124
38.200 0.876 0.124
38.300 0.876 0.124
38.400 0.876 0.124
38.500 0.876 0.124
38.600 0.876 0.124
38.700 0.876 0.124
38.800 0.876 0.124
38.900 0.876 0.124
39.000 0.876 0.124
39.100 0.876 0.124
39.200 0.876 0.124
39.300 0.876 0.124
39.400 0.876 0.124
39.500 0.876 0.124
39.600 0.876 0.124
39.700 0.876 0.124
39.800 0.876 0.124
39.900 0.876 0.124
40.000 0.876 0.124
40.100 0.876 0.124
40.200 0.876 0.124
40.300 0.876 0.124
40.400 0.876 0.124
40.500 0.877 0.123
40.600 0.877 0.123
40.700 0.878 0.122
40.800 0.879 0.121
40.900 0.879 0.121
41.000 0.879 0.121
41.100 0.879 0.121
41.200 0.879 0.121
41.300 0.879 0.121
41.400 0.879 0.121
41.500 0.879 0.121
41.600 0.879 0.121
41.700 0.879 0.121
41.800 0.879 0.121
41.900 0.879 0.121
42.000 0.88 0.12
42.100 0.88 0.12
42.200 0.88 0.12
42.300 0.88 0.12
42.400 0.88 0.12
42.500 0.88 0.12
42.600 0.88 0.12
42.700 0.88 0.12
42.800 0.88 0.12
42.900 0.88 0.12
43.000 0.88 0.12
43.100 0.88 0.12
43.200 0.88 0.12
43.300 0.88 0.12
43.400 0.882 0.118
43.500 0.882 0.118
43.600 0.882 0.118
43.700 0.883 0.117
43.800 0.884 0.116
43.900 0.884 0.116
44.000 0.884 0.116
44.100 0.886 0.114
44.200 0.885 0.115
44.300 0.885 0.115
44.400 0.885 0.115
44.500 0.886 0.114
44.600 0.886 0.114
44.700 0.886 0.114
44.800 0.886 0.114
44.900 0.887 0.113
45.000 0.889 0.111
45.100 0.889 0.111
45.200 0.89 0.11
45.300 0.89 0.11
45.400 0.892 0.108
45.500 0.894 0.106
45.600 0.894 0.106
45.700 0.895 0.105
45.800 0.898 0.102
45.900 0.899 0.101
46.000 0.9 0.1
46.100 0.9 0.1
46.200 0.9 0.1
46.300 0.9 0.1
46.400 0.901 0.099
46.500 0.901 0.099
46.600 0.901 0.099
46.700 0.901 0.099
46.800 0.902 0.098
46.900 0.902 0.098
47.000 0.902 0.098
47.100 0.903 0.097
47.200 0.905 0.095
47.300 0.905 0.095
47.400 0.907 0.093
47.500 0.907 0.093
47.600 0.908 0.092
47.700 0.908 0.092
47.800 0.908 0.092
47.900 0.909 0.091
48.000 0.91 0.09
48.100 0.913 0.087
48.200 0.917 0.083
48.300 0.917 0.083
48.400 0.918 0.082
48.500 0.919 0.081
48.600 0.92 0.08
48.700 0.92 0.08
48.800 0.921 0.079
48.900 0.923 0.077
49.000 0.923 0.077
49.100 0.923 0.077
49.200 0.923 0.077
49.300 0.924 0.076
49.400 0.926 0.074
49.500 0.926 0.074
49.600 0.927 0.073
49.700 0.928 0.072
49.800 0.928 0.072
49.900 0.928 0.072
50.000 0.928 0.072
50.100 0.929 0.071
50.200 0.929 0.071
50.300 0.93 0.07
50.400 0.931 0.069
50.500 0.931 0.069
50.600 0.932 0.068
50.700 0.933 0.067
50.800 0.933 0.067
50.900 0.933 0.067
51.000 0.934 0.066
51.100 0.934 0.066
51.200 0.934 0.066
51.300 0.934 0.066
51.400 0.934 0.066
51.500 0.935 0.065
51.600 0.935 0.065
51.700 0.935 0.065
51.800 0.935 0.065
51.900 0.935 0.065
52.000 0.935 0.065
52.100 0.936 0.064
52.200 0.936 0.064
52.300 0.936 0.064
52.400 0.936 0.064
52.500 0.937 0.063
52.600 0.939 0.061
52.700 0.941 0.059
52.800 0.941 0.059
52.900 0.941 0.059
53.000 0.941 0.059
53.100 0.941 0.059
53.200 0.942 0.058
53.300 0.943 0.057
53.400 0.943 0.057
53.500 0.943 0.057
53.600 0.943 0.057
53.700 0.943 0.057
53.800 0.943 0.057
53.900 0.943 0.057
54.000 0.943 0.057
54.100 0.942 0.058
54.200 0.942 0.058
54.300 0.942 0.058
54.400 0.942 0.058
54.500 0.942 0.058
54.600 0.942 0.058
54.700 0.942 0.058
54.800 0.943 0.057
54.900 0.943 0.057
55.000 0.942 0.058
55.100 0.942 0.058
55.200 0.942 0.058
55.300 0.942 0.058
55.400 0.942 0.058
55.500 0.942 0.058
55.600 0.942 0.058
55.700 0.942 0.058
55.800 0.942 0.058
55.900 0.941 0.059
56.000 0.941 0.059
56.100 0.941 0.059
56.200 0.941 0.059
56.300 0.941 0.059
56.400 0.941 0.059
56.500 0.941 0.059
56.600 0.941 0.059
56.700 0.941 0.059
56.800 0.941 0.059
56.900 0.941 0.059
57.000 0.941 0.059
57.100 0.941 0.059
57.200 0.941 0.059
57.300 0.941 0.059
57.400 0.941 0.059
57.500 0.941 0.059
57.600 0.941 0.059
57.700 0.941 0.059
57.800 0.941 0.059
57.900 0.941 0.059
58.000 0.941 0.059
58.100 0.941 0.059
58.200 0.941 0.059
58.300 0.941 0.059
58.400 0.941 0.059
58.500 0.941 0.059
58.600 0.941 0.059
58.700 0.941 0.059
58.800 0.941 0.059
58.900 0.941 0.059
59.000 0.941 0.059
59.100 0.941 0.059
59.200 0.941 0.059
59.300 0.941 0.059
59.400 0.941 0.059
59.500 0.941 0.059
59.600 0.941 0.059
59.700 0.941 0.059
59.800 0.941 0.059
59.900 0.941 0.059
60.000 0.941 0.059
