0.000 0.0 1.0
0.100 0.0 1.0
0.200 0.0 1.0
0.300 0.0 1.0
0.400 0.0 1.0
0.500 0.0 1.0
0.600 0.0 1.0
0.700 0.0 1.0
0.800 0.0 1.0
0.900 0.0 1.0
1.000 0.0 1.0
1.100 0.0 1.0
1.200 0.0 1.0
1.300 0.0 1.0
1.400 0.0 1.0
1.500 0.0 1.0
1.600 0.0 1.0
1.700 0.0 1.0
1.800 0.0 1.0
1.900 0.0 1.0
2.000 0.0 1.0
2.100 0.0 1.0
2.200 0.0 1.0
2.300 0.0 1.0
2.400 0.0 1.0
2.500 0.0 1.0
2.600 0.0 1.0
2.700 0.0 1.0
2.800 0.0 1.0
2.900 0.0 1.0
3.000 0.0 1.0
3.100 0.0 1.0
3.200 0.0 1.0
3.300 0.0 1.0
3.400 0.0 1.0
3.500 0.0 1.0
3.600 0.0 1.0
3.700 0.0 1.0
3.800 0.0 1.0
3.900 0.0 1.0
4.000 0.0 1.0
4.100 0.0 1.0
4.200 0.0 1.0
4.300 0.0 1.0
4.400 0.0 1.0
4.500 0.0 1.0
4.600 0.0 1.0
4.700 0.0 1.0
4.800 0.0 1.0
4.900 0.0 1.0
5.000 0.0 1.0
5.100 0.0 1.0
5.200 0.0 1.0
5.300 0.0 1.0
5.400 0.0 1.0
5.500 0.0 1.0
5.600 0.0 1.0
5.700 0.0 1.0
5.800 0.005 0.995
5.900 0.015 0.985
6.000 0.015 0.985
6.100 0.02 0.98
6.200 0.02 0.98
6.300 0.025 0.975
6.400 0.025 0.975
6.500 0.03 0.97
6.600 0.04 0.96
6.700 0.055 0.945
6.800 0.06 0.94
6.900 0.075 0.925
7.000 0.095 0.905
7.100 0.105 0.895
7.200 0.13 0.87
7.300 0.135 0.865
7.400 0.165 0.835
7.500 0.19 0.81
7.600 0.205 0.795
7.700 0.245 0.755
7.800 0.27 0.73
7.900 0.29 0.71
8.000 0.32 0.68
8.100 0.35 0.65
8.200 0.385 0.615
8.300 0.39 0.61
8.400 0.43 0.57
8.500 0.45 0.55
8.600 0.465 0.535
8.700 0.5 0.5
8.800 0.52 0.48
8.900 0.54 0.46
9.000 0.555 0.445
9.100 0.58 0.42
9.200 0.585 0.415
9.300 0.6 0.4
9.400 0.615 0.385
9.500 0.63 0.37
9.600 0.655 0.345
9.700 0.67 0.33
9.800 0.67 0.33
9.900 0.68 0.32
10.000 0.685 0.315
10.100 0.685 0.315
10.200 0.69 0.31
10.300 0.705 0.295
10.400 0.72 0.28
10.500 0.725 0.275
10.600 0.725 0.275
10.700 0.725 0.275
10.800 0.725 0.275
10.900 0.73 0.27
11.000 0.735 0.265
11.100 0.74 0.26
11.200 0.74 0.26
11.300 0.745 0.255
11.400 0.755 0.245
11.500 0.755 0.245
11.600 0.755 0.245
11.700 0.755 0.245
11.800 0.765 0.235
11.900 0.775 0.225
12.000 0.785 0.215
12.100 0.785 0.215
12.200 0.785 0.215
12.300 0.785 0.215
12.400 0.795 0.205
12.500 0.8 0.2
12.600 0.805 0.195
12.700 0.81 0.19
12.800 0.815 0.185
12.900 0.81 0.19
13.000 0.81 0.19
13.100 0.805 0.195
13.200 0.805 0.195
13.300 0.805 0.195
13.400 0.805 0.195
13.500 0.805 0.195
13.600 0.805 0.195
13.700 0.81 0.19
13.800 0.81 0.19
13.900 0.81 0.19
14.000 0.81 0.19
14.100 0.8 0.2
14.200 0.8 0.2
14.300 0.8 0.2
14.400 0.795 0.205
14.500 0.785 0.215
14.600 0.765 0.235
14.700 0.765 0.235
14.800 0.755 0.245
14.900 0.755 0.245
15.000 0.75 0.25
15.100 0.75 0.25
15.200 0.74 0.26
15.300 0.735 0.265
15.400 0.735 0.265
15.500 0.73 0.27
15.600 0.73 0.27
15.700 0.725 0.275
15.800 0.715 0.285
15.900 0.715 0.285
16.000 0.715 0.285
16.100 0.71 0.29
16.200 0.695 0.305
16.300 0.695 0.305
16.400 0.7 0.3
16.500 0.695 0.305
16.600 0.695 0.305
16.700 0.685 0.315
16.800 0.68 0.32
16.900 0.68 0.32
17.000 0.68 0.32
17.100 0.68 0.32
17.200 0.68 0.32
17.300 0.68 0.32
17.400 0.675 0.325
17.500 0.675 0.325
17.600 0.675 0.325
17.700 0.67 0.33
17.800 0.665 0.335
17.900 0.665 0.335
18.000 0.665 0.335
18.100 0.665 0.335
18.200 0.665 0.335
18.300 0.665 0.335
18.400 0.665 0.335
18.500 0.665 0.335
18.600 0.665 0.335
18.700 0.67 0.33
18.800 0.67 0.33
18.900 0.67 0.33
19.000 0.67 0.33
19.100 0.67 0.33
19.200 0.67 0.33
19.300 0.675 0.325
19.400 0.675 0.325
19.500 0.675 0.325
19.600 0.675 0.325
19.700 0.675 0.325
19.800 0.675 0.325
19.900 0.675 0.325
20.000 0.675 0.325
20.100 0.675 0.325
20.200 0.675 0.325
20.300 0.675 0.325
20.400 0.675 0.325
20.500 0.68 0.32
20.600 0.68 0.32
20.700 0.68 0.32
20.800 0.68 0.32
20.900 0.68 0.32
21.000 0.68 0.32
21.100 0.68 0.32
21.200 0.68 0.32
21.300 0.68 0.32
21.400 0.68 0.32
21.500 0.68 0.32
21.600 0.68 0.32
21.700 0.68 0.32
21.800 0.68 0.32
21.900 0.68 0.32
22.000 0.68 0.32
22.100 0.68 0.32
22.200 0.68 0.32
22.300 0.68 0.32
22.400 0.68 0.32
22.500 0.685 0.315
22.600 0.685 0.315
22.700 0.685 0.315
22.800 0.685 0.315
22.900 0.685 0.315
23.000 0.685 0.315
23.100 0.685 0.315
23.200 0.69 0.31
23.300 0.69 0.31
23.400 0.69 0.31
23.500 0.695 0.305
23.600 0.7 0.3
23.700 0.7 0.3
23.800 0.7 0.3
23.900 0.705 0.295
24.000 0.71 0.29
24.100 0.71 0.29
24.200 0.71 0.29
24.300 0.71 0.29
24.400 0.72 0.28
24.500 0.725 0.275
24.600 0.74 0.26
24.700 0.745 0.255
24.800 0.745 0.255
24.900 0.745 0.255
25.000 0.745 0.255
25.100 0.75 0.25
25.200 0.755 0.245
25.300 0.755 0.245
25.400 0.755 0.245
25.500 0.755 0.245
25.600 0.755 0.245
25.700 0.755 0.245
25.800 0.755 0.245
25.900 0.755 0.245
26.000 0.755 0.245
26.100 0.755 0.245
26.200 0.755 0.245
26.300 0.755 0.245
26.400 0.755 0.245
26.500 0.76 0.24
26.600 0.76 0.24
26.700 0.765 0.235
26.800 0.775 0.225
26.900 0.775 0.225
27.000 0.78 0.22
27.100 0.8 0.2
27.200 0.805 0.195
27.300 0.81 0.19
27.400 0.805 0.195
27.500 0.81 0.19
27.600 0.81 0.19
27.700 0.815 0.185
27.800 0.815 0.185
27.900 0.82 0.18
28.000 0.82 0.18
28.100 0.82 0.18
28.200 0.825 0.175
28.300 0.83 0.17
28.400 0.83 0.17
28.500 0.835 0.165
28.600 0.84 0.16
28.700 0.84 0.16
28.800 0.855 0.145
28.900 0.86 0.14
29.000 0.87 0.13
29.100 0.875 0.125
29.200 0.875 0.125
29.300 0.88 0.12
29.400 0.89 0.11
29.500 0.89 0.11
29.600 0.89 0.11
29.700 0.89 0.11
29.800 0.895 0.105
29.900 0.895 0.105
30.000 0.895 0.105
30.100 0.895 0.105
30.200 0.9 0.1
30.300 0.9 0.1
30.400 0.9 0.1
30.500 0.9 0.1
30.600 0.9 0.1
30.700 0.905 0.095
30.800 0.905 0.095
30.900 0.91 0.09
31.000 0.91 0.09
31.100 0.91 0.09
31.200 0.91 0.09
31.300 0.91 0.09
31.400 0.91 0.09
31.500 0.91 0.09
31.600 0.91 0.09
31.700 0.91 0.09
31.800 0.905 0.095
31.900 0.91 0.09
32.000 0.915 0.085
32.100 0.92 0.08
32.200 0.92 0.08
32.300 0.92 0.08
32.400 0.93 0.07
32.500 0.93 0.07
32.600 0.93 0.07
32.700 0.935 0.065
32.800 0.935 0.065
32.900 0.935 0.065
33.000 0.935 0.065
33.100 0.935 0.065
33.200 0.935 0.065
33.300 0.935 0.065
33.400 0.935 0.065
33.500 0.93 0.07
33.600 0.93 0.07
33.700 0.925 0.075
33.800 0.925 0.075
33.900 0.925 0.075
34.000 0.925 0.075
34.100 0.925 0.075
34.200 0.925 0.075
34.300 0.925 0.075
34.400 0.925 0.075
34.500 0.925 0.075
34.600 0.925 0.075
34.700 0.925 0.075
34.800 0.925 0.075
34.900 0.925 0.075
35.000 0.925 0.075
35.100 0.925 0.075
35.200 0.925 0.075
35.300 0.92 0.08
35.400 0.92 0.08
35.500 0.92 0.08
35.600 0.92 0.08
35.700 0.92 0.08
35.800 0.92 0.08
35.900 0.92 0.08
36.000 0.92 0.08
36.100 0.92 0.08
36.200 0.92 0.08
36.300 0.915 0.085
36.400 0.915 0.085
36.500 0.915 0.085
36.600 0.915 0.085
36.700 0.915 0.085
36.800 0.915 0.085
36.900 0.915 0.085
37.000 0.915 0.085
37.100 0.915 0.085
37.200 0.915 0.085
37.300 0.915 0.085
37.400 0.915 0.085
37.500 0.915 0.085
37.600 0.915 0.085
37.700 0.915 0.085
37.800 0.915 0.085
37.900 0.915 0.085
38.000 0.915 0.085
38.100 0.915 0.085
38.200 0.915 0.085
38.300 0.915 0.085
38.400 0.915 0.085
38.500 0.915 0.085
38.600 0.915 0.085
38.700 0.915 0.085
38.800 0.915 0.085
38.900 0.915 0.085
39.000 0.915 0.085
39.100 0.915 0.085
39.200 0.915 0.085
39.300 0.915 0.085
39.400 0.915 0.085
39.500 0.915 0.085
39.600 0.915 0.085
39.700 0.915 0.085
39.800 0.915 0.085
39.900 0.915 0.085
40.000 0.915 0.085
40.100 0.915 0.085
40.200 0.915 0.085
40.300 0.915 0.085
40.400 0.915 0.085
40.500 0.915 0.085
40.600 0.915 0.085
40.700 0.915 0.085
40.800 0.915 0.085
40.900 0.915 0.085
41.000 0.915 0.085
41.100 0.915 0.085
41.200 0.915 0.085
41.300 0.915 0.085
41.400 0.915 0.085
41.500 0.915 0.085
41.600 0.915 0.085
41.700 0.915 0.085
41.800 0.915 0.085
41.900 0.915 0.085
42.000 0.915 0.085
42.100 0.915 0.085
42.200 0.915 0.085
42.300 0.915 0.085
42.400 0.915 0.085
42.500 0.915 0.085
42.600 0.92 0.08
42.700 0.92 0.08
42.800 0.92 0.08
42.900 0.92 0.08
43.000 0.92 0.08
43.100 0.92 0.08
43.200 0.92 0.08
43.300 0.92 0.08
43.400 0.925 0.075
43.500 0.925 0.075
43.600 0.925 0.075
43.700 0.925 0.075
43.800 0.925 0.075
43.900 0.925 0.075
44.000 0.925 0.075
44.100 0.925 0.075
44.200 0.93 0.07
44.300 0.93 0.07
44.400 0.93 0.07
44.500 0.93 0.07
44.600 0.93 0.07
44.700 0.93 0.07
44.800 0.935 0.065
44.900 0.935 0.065
45.000 0.935 0.065
45.100 0.935 0.065
45.200 0.935 0.065
45.300 0.935 0.065
45.400 0.935 0.065
45.500 0.94 0.06
45.600 0.94 0.06
45.700 0.94 0.06
45.800 0.94 0.06
45.900 0.94 0.06
46.000 0.94 0.06
46.100 0.94 0.06
46.200 0.94 0.06
46.300 0.94 0.06
46.400 0.94 0.06
46.500 0.94 0.06
46.600 0.94 0.06
46.700 0.94 0.06
46.800 0.94 0.06
46.900 0.94 0.06
47.000 0.94 0.06
47.100 0.94 0.06
47.200 0.945 0.055
47.300 0.945 0.055
47.400 0.945 0.055
47.500 0.95 0.05
47.600 0.955 0.045
47.700 0.955 0.045
47.800 0.955 0.045
47.900 0.955 0.045
48.000 0.955 0.045
48.100 0.955 0.045
48.200 0.955 0.045
48.300 0.955 0.045
48.400 0.955 0.045
48.500 0.955 0.045
48.600 0.955 0.045
48.700 0.965 0.035
48.800 0.965 0.035
48.900 0.965 0.035
49.000 0.965 0.035
49.100 0.965 0.035
49.200 0.965 0.035
49.300 0.965 0.035
49.400 0.965 0.035
49.500 0.97 0.03
49.600 0.97 0.03
49.700 0.97 0.03
49.800 0.97 0.03
49.900 0.97 0.03
50.000 0.97 0.03
50.100 0.97 0.03
50.200 0.97 0.03
50.300 0.97 0.03
50.400 0.97 0.03
50.500 0.97 0.03
50.600 0.97 0.03
50.700 0.97 0.03
50.800 0.97 0.03
50.900 0.97 0.03
51.000 0.97 0.03
51.100 0.97 0.03
51.200 0.97 0.03
51.300 0.975 0.025
51.400 0.975 0.025
51.500 0.975 0.025
51.600 0.975 0.025
51.700 0.975 0.025
51.800 0.975 0.025
51.900 0.975 0.025
52.000 0.975 0.025
52.100 0.975 0.025
52.200 0.975 0.025
52.300 0.975 0.025
52.400 0.975 0.025
52.500 0.975 0.025
52.600 0.975 0.025
52.700 0.975 0.025
52.800 0.98 0.02
52.900 0.98 0.02
53.000 0.98 0.02
53.100 0.98 0.02
53.200 0.98 0.02
53.300 0.98 0.02
53.400 0.98 0.02
53.500 0.98 0.02
53.600 0.98 0.02
53.700 0.98 0.02
53.800 0.98 0.02
53.900 0.98 0.02
54.000 0.98 0.02
54.100 0.98 0.02
54.200 0.98 0.02
54.300 0.98 0.02
54.400 0.98 0.02
54.500 0.98 0.02
54.600 0.98 0.02
54.700 0.98 0.02
54.800 0.98 0.02
54.900 0.98 0.02
55.000 0.98 0.02
55.100 0.98 0.02
55.200 0.98 0.02
55.300 0.98 0.02
55.400 0.98 0.02
55.500 0.98 0.02
55.600 0.98 0.02
55.700 0.98 0.02
55.800 0.98 0.02
55.900 0.98 0.02
56.000 0.98 0.02
56.100 0.98 0.02
56.200 0.98 0.02
56.300 0.98 0.02
56.400 0.98 0.02
56.500 0.98 0.02
56.600 0.98 0.02
56.700 0.98 0.02
56.800 0.98 0.02
56.900 0.98 0.02
57.000 0.98 0.02
57.100 0.98 0.02
57.200 0.98 0.02
57.300 0.98 0.02
57.400 0.98 0.02
57.500 0.98 0.02
57.600 0.98 0.02
57.700 0.98 0.02
57.800 0.98 0.02
57.900 0.98 0.02
58.000 0.98 0.02
58.100 0.98 0.02
58.200 0.98 0.02
58.300 0.98 0.02
58.400 0.98 0.02
58.500 0.98 0.02
58.600 0.98 0.02
58.700 0.98 0.02
58.800 0.98 0.02
58.900 0.98 0.02
59.000 0.98 0.02
59.100 0.98 0.02
59.200 0.98 0.02
59.300 0.98 0.02
59.400 0.98 0.02
59.500 0.98 0.02
59.600 0.98 0.02
59.700 0.98 0.02
59.800 0.98 0.02
59.900 0.98 0.02
60.000 0.98 0.02
