0.000 0.0 1.0
0.100 0.0 1.0
0.200 0.0 1.0
0.300 0.0 1.0
0.400 0.0 1.0
0.500 0.0 1.0
0.600 0.0 1.0
0.700 0.0 1.0
0.800 0.0 1.0
0.900 0.0 1.0
1.000 0.0 1.0
1.100 0.0 1.0
1.200 0.0 1.0
1.300 0.0 1.0
1.400 0.0 1.0
1.500 0.0 1.0
1.600 0.0 1.0
1.700 0.0 1.0
1.800 0.0 1.0
1.900 0.0 1.0
2.000 0.0 1.0
2.100 0.0 1.0
2.200 0.0 1.0
2.300 0.0 1.0
2.400 0.0 1.0
2.500 0.0 1.0
2.600 0.0 1.0
2.700 0.0 1.0
2.800 0.0 1.0
2.900 0.0 1.0
3.000 0.0 1.0
3.100 0.0 1.0
3.200 0.0 1.0
3.300 0.0 1.0
3.400 0.0 1.0
3.500 0.0 1.0
3.600 0.0 1.0
3.700 0.0 1.0
3.800 0.0 1.0
3.900 0.0 1.0
4.000 0.0 1.0
4.100 0.0 1.0
4.200 0.0 1.0
4.300 0.0 1.0
4.400 0.0 1.0
4.500 0.0 1.0
4.600 0.0 1.0
4.700 0.0 1.0
4.800 0.0 1.0
4.900 0.0 1.0
5.000 0.0 1.0
5.100 0.0 1.0
5.200 0.0 1.0
5.300 0.0 1.0
5.400 0.0 1.0
5.500 0.0 1.0
5.600 0.0 1.0
5.700 0.0 1.0
5.800 0.005025125628140704 0.9949748743718593
5.900 0.005025125628140704 0.9949748743718593
6.000 0.010050251256281407 0.9899497487437185
6.100 0.020100502512562814 0.9798994974874372
6.200 0.01507537688442211 0.9849246231155779
6.300 0.02512562814070352 0.9748743718592965
6.400 0.02512562814070352 0.9748743718592965
6.500 0.03015075376884422 0.9698492462311558
6.600 0.04020100502512563 0.9597989949748744
6.700 0.06532663316582915 0.9346733668341709
6.800 0.07035175879396985 0.9296482412060302
6.900 0.08542713567839195 0.914572864321608
7.000 0.09045226130653267 0.9095477386934674
7.100 0.11055276381909548 0.8894472361809045
7.200 0.12060301507537688 0.8793969849246231
7.300 0.1407035175879397 0.8592964824120602
7.400 0.15577889447236182 0.8442211055276382
7.500 0.1708542713567839 0.8291457286432161
7.600 0.19095477386934673 0.8090452261306532
7.700 0.22110552763819097 0.7788944723618091
7.800 0.25125628140703515 0.7487437185929648
7.900 0.2914572864321608 0.7085427135678392
8.000 0.3165829145728643 0.6834170854271356
8.100 0.36180904522613067 0.6381909547738693
8.200 0.37185929648241206 0.628140703517588
8.300 0.39195979899497485 0.6080402010050251
8.400 0.41708542713567837 0.5829145728643216
8.500 0.4321608040201005 0.5678391959798995
8.600 0.457286432160804 0.542713567839196
8.700 0.48743718592964824 0.5125628140703518
8.800 0.507537688442211 0.49246231155778897
8.900 0.5276381909547738 0.4723618090452261
9.000 0.542713567839196 0.457286432160804
9.100 0.5778894472361809 0.4221105527638191
9.200 0.5829145728643216 0.41708542713567837
9.300 0.5979899497487438 0.4020100502512563
9.400 0.5979899497487438 0.4020100502512563
9.500 0.6130653266331658 0.3869346733668342
9.600 0.628140703517588 0.37185929648241206
9.700 0.6381909547738693 0.36180904522613067
9.800 0.6633165829145728 0.33668341708542715
9.900 0.6733668341708543 0.32663316582914576
10.000 0.6934673366834171 0.3065326633165829
10.100 0.6934673366834171 0.3065326633165829
10.200 0.6934673366834171 0.3065326633165829
10.300 0.6934673366834171 0.3065326633165829
10.400 0.7035175879396985 0.2964824120603015
10.500 0.7135678391959799 0.2864321608040201
10.600 0.7185929648241206 0.2814070351758794
10.700 0.7185929648241206 0.2814070351758794
10.800 0.7185929648241206 0.2814070351758794
10.900 0.7185929648241206 0.2814070351758794
11.000 0.7236180904522613 0.27638190954773867
11.100 0.7386934673366834 0.2613065326633166
11.200 0.7437185929648241 0.2562814070351759
11.300 0.7437185929648241 0.2562814070351759
11.400 0.7537688442211056 0.24623115577889448
11.500 0.7537688442211056 0.24623115577889448
11.600 0.7587939698492462 0.24120603015075376
11.700 0.7587939698492462 0.24120603015075376
11.800 0.7688442211055276 0.23115577889447236
11.900 0.7788944723618091 0.22110552763819097
12.000 0.7839195979899497 0.21608040201005024
12.100 0.7839195979899497 0.21608040201005024
12.200 0.7839195979899497 0.21608040201005024
12.300 0.7839195979899497 0.21608040201005024
12.400 0.7889447236180904 0.21105527638190955
12.500 0.7889447236180904 0.21105527638190955
12.600 0.7889447236180904 0.21105527638190955
12.700 0.7939698492462312 0.20603015075376885
12.800 0.7939698492462312 0.20603015075376885
12.900 0.7939698492462312 0.20603015075376885
13.000 0.7939698492462312 0.20603015075376885
13.100 0.7939698492462312 0.20603015075376885
13.200 0.7939698492462312 0.20603015075376885
13.300 0.7939698492462312 0.20603015075376885
13.400 0.7989949748743719 0.20100502512562815
13.500 0.7989949748743719 0.20100502512562815
13.600 0.7989949748743719 0.20100502512562815
13.700 0.7989949748743719 0.20100502512562815
13.800 0.8040201005025126 0.19597989949748743
13.900 0.8040201005025126 0.19597989949748743
14.000 0.7989949748743719 0.20100502512562815
14.100 0.7989949748743719 0.20100502512562815
14.200 0.7989949748743719 0.20100502512562815
14.300 0.8040201005025126 0.19597989949748743
14.400 0.7989949748743719 0.20100502512562815
14.500 0.7839195979899497 0.21608040201005024
14.600 0.7788944723618091 0.22110552763819097
14.700 0.7788944723618091 0.22110552763819097
14.800 0.7738693467336684 0.22613065326633167
14.900 0.7688442211055276 0.23115577889447236
15.000 0.7688442211055276 0.23115577889447236
15.100 0.7638190954773869 0.23618090452261306
15.200 0.7587939698492462 0.24120603015075376
15.300 0.7587939698492462 0.24120603015075376
15.400 0.7537688442211056 0.24623115577889448
15.500 0.7537688442211056 0.24623115577889448
15.600 0.7386934673366834 0.2613065326633166
15.700 0.7386934673366834 0.2613065326633166
15.800 0.7386934673366834 0.2613065326633166
15.900 0.7386934673366834 0.2613065326633166
16.000 0.7386934673366834 0.2613065326633166
16.100 0.7386934673366834 0.2613065326633166
16.200 0.7336683417085427 0.2663316582914573
16.300 0.7336683417085427 0.2663316582914573
16.400 0.7286432160804021 0.271356783919598
16.500 0.7286432160804021 0.271356783919598
16.600 0.7236180904522613 0.27638190954773867
16.700 0.7236180904522613 0.27638190954773867
16.800 0.7185929648241206 0.2814070351758794
16.900 0.7135678391959799 0.2864321608040201
17.000 0.7135678391959799 0.2864321608040201
17.100 0.7185929648241206 0.2814070351758794
17.200 0.7135678391959799 0.2864321608040201
17.300 0.7085427135678392 0.2914572864321608
17.400 0.7035175879396985 0.2964824120603015
17.500 0.7035175879396985 0.2964824120603015
17.600 0.7035175879396985 0.2964824120603015
17.700 0.7085427135678392 0.2914572864321608
17.800 0.7085427135678392 0.2914572864321608
17.900 0.7085427135678392 0.2914572864321608
18.000 0.7085427135678392 0.2914572864321608
18.100 0.7085427135678392 0.2914572864321608
18.200 0.7085427135678392 0.2914572864321608
18.300 0.7035175879396985 0.2964824120603015
18.400 0.7035175879396985 0.2964824120603015
18.500 0.7035175879396985 0.2964824120603015
18.600 0.7035175879396985 0.2964824120603015
18.700 0.7035175879396985 0.2964824120603015
18.800 0.7035175879396985 0.2964824120603015
18.900 0.7035175879396985 0.2964824120603015
19.000 0.7035175879396985 0.2964824120603015
19.100 0.7035175879396985 0.2964824120603015
19.200 0.7035175879396985 0.2964824120603015
19.300 0.7035175879396985 0.2964824120603015
19.400 0.7035175879396985 0.2964824120603015
19.500 0.7035175879396985 0.2964824120603015
19.600 0.7035175879396985 0.2964824120603015
19.700 0.7035175879396985 0.2964824120603015
19.800 0.7035175879396985 0.2964824120603015
19.900 0.7035175879396985 0.2964824120603015
20.000 0.7035175879396985 0.2964824120603015
20.100 0.7035175879396985 0.2964824120603015
20.200 0.7035175879396985 0.2964824120603015
20.300 0.7035175879396985 0.2964824120603015
20.400 0.7035175879396985 0.2964824120603015
20.500 0.7035175879396985 0.2964824120603015
20.600 0.7035175879396985 0.2964824120603015
20.700 0.7035175879396985 0.2964824120603015
20.800 0.7035175879396985 0.2964824120603015
20.900 0.7035175879396985 0.2964824120603015
21.000 0.7035175879396985 0.2964824120603015
21.100 0.7035175879396985 0.2964824120603015
21.200 0.7035175879396985 0.2964824120603015
21.300 0.7035175879396985 0.2964824120603015
21.400 0.7035175879396985 0.2964824120603015
21.500 0.7085427135678392 0.2914572864321608
21.600 0.7085427135678392 0.2914572864321608
21.700 0.7085427135678392 0.2914572864321608
21.800 0.7085427135678392 0.2914572864321608
21.900 0.7085427135678392 0.2914572864321608
22.000 0.7085427135678392 0.2914572864321608
22.100 0.7085427135678392 0.2914572864321608
22.200 0.7085427135678392 0.2914572864321608
22.300 0.7085427135678392 0.2914572864321608
22.400 0.7085427135678392 0.2914572864321608
22.500 0.7085427135678392 0.2914572864321608
22.600 0.7085427135678392 0.2914572864321608
22.700 0.7085427135678392 0.2914572864321608
22.800 0.7085427135678392 0.2914572864321608
22.900 0.7085427135678392 0.2914572864321608
23.000 0.7085427135678392 0.2914572864321608
23.100 0.7085427135678392 0.2914572864321608
23.200 0.7085427135678392 0.2914572864321608
23.300 0.7085427135678392 0.2914572864321608
23.400 0.7085427135678392 0.2914572864321608
23.500 0.7085427135678392 0.2914572864321608
23.600 0.7085427135678392 0.2914572864321608
23.700 0.7135678391959799 0.2864321608040201
23.800 0.7135678391959799 0.2864321608040201
23.900 0.7185929648241206 0.2814070351758794
24.000 0.7185929648241206 0.2814070351758794
24.100 0.7185929648241206 0.2814070351758794
24.200 0.7185929648241206 0.2814070351758794
24.300 0.7236180904522613 0.27638190954773867
24.400 0.7286432160804021 0.271356783919598
24.500 0.7336683417085427 0.2663316582914573
24.600 0.7336683417085427 0.2663316582914573
24.700 0.7336683417085427 0.2663316582914573
24.800 0.7386934673366834 0.2613065326633166
24.900 0.7386934673366834 0.2613065326633166
25.000 0.7386934673366834 0.2613065326633166
25.100 0.7437185929648241 0.2562814070351759
25.200 0.7437185929648241 0.2562814070351759
25.300 0.7487437185929648 0.25125628140703515
25.400 0.7487437185929648 0.25125628140703515
25.500 0.7587939698492462 0.24120603015075376
25.600 0.7587939698492462 0.24120603015075376
25.700 0.7587939698492462 0.24120603015075376
25.800 0.7587939698492462 0.24120603015075376
25.900 0.7638190954773869 0.23618090452261306
26.000 0.7738693467336684 0.22613065326633167
26.100 0.7738693467336684 0.22613065326633167
26.200 0.7738693467336684 0.22613065326633167
26.300 0.7889447236180904 0.21105527638190955
26.400 0.7989949748743719 0.20100502512562815
26.500 0.8040201005025126 0.19597989949748743
26.600 0.8040201005025126 0.19597989949748743
26.700 0.8040201005025126 0.19597989949748743
26.800 0.8090452261306532 0.19095477386934673
26.900 0.8241206030150754 0.17587939698492464
27.000 0.8291457286432161 0.1708542713567839
27.100 0.8291457286432161 0.1708542713567839
27.200 0.8291457286432161 0.1708542713567839
27.300 0.8341708542713567 0.1658291457286432
27.400 0.8341708542713567 0.1658291457286432
27.500 0.8341708542713567 0.1658291457286432
27.600 0.8341708542713567 0.1658291457286432
27.700 0.8391959798994975 0.16080402010050251
27.800 0.8492462311557789 0.1507537688442211
27.900 0.8442211055276382 0.15577889447236182
28.000 0.8542713567839196 0.1457286432160804
28.100 0.8542713567839196 0.1457286432160804
28.200 0.864321608040201 0.135678391959799
28.300 0.8693467336683417 0.1306532663316583
28.400 0.8743718592964824 0.12562814070351758
28.500 0.8743718592964824 0.12562814070351758
28.600 0.8743718592964824 0.12562814070351758
28.700 0.8743718592964824 0.12562814070351758
28.800 0.8743718592964824 0.12562814070351758
28.900 0.8793969849246231 0.12060301507537688
29.000 0.8844221105527639 0.11557788944723618
29.100 0.8844221105527639 0.11557788944723618
29.200 0.8844221105527639 0.11557788944723618
29.300 0.8894472361809045 0.11055276381909548
29.400 0.8894472361809045 0.11055276381909548
29.500 0.8894472361809045 0.11055276381909548
29.600 0.8894472361809045 0.11055276381909548
29.700 0.8944723618090452 0.10552763819095477
29.800 0.8944723618090452 0.10552763819095477
29.900 0.8994974874371859 0.10050251256281408
30.000 0.8994974874371859 0.10050251256281408
30.100 0.8994974874371859 0.10050251256281408
30.200 0.9045226130653267 0.09547738693467336
30.300 0.9045226130653267 0.09547738693467336
30.400 0.9045226130653267 0.09547738693467336
30.500 0.9045226130653267 0.09547738693467336
30.600 0.9095477386934674 0.09045226130653267
30.700 0.9095477386934674 0.09045226130653267
30.800 0.914572864321608 0.08542713567839195
30.900 0.9195979899497487 0.08040201005025126
31.000 0.9195979899497487 0.08040201005025126
31.100 0.9195979899497487 0.08040201005025126
31.200 0.9195979899497487 0.08040201005025126
31.300 0.9195979899497487 0.08040201005025126
31.400 0.9195979899497487 0.08040201005025126
31.500 0.9246231155778895 0.07537688442211055
31.600 0.9246231155778895 0.07537688442211055
31.700 0.9296482412060302 0.07035175879396985
31.800 0.9296482412060302 0.07035175879396985
31.900 0.9296482412060302 0.07035175879396985
32.000 0.9296482412060302 0.07035175879396985
32.100 0.9296482412060302 0.07035175879396985
32.200 0.9346733668341709 0.06532663316582915
32.300 0.9346733668341709 0.06532663316582915
32.400 0.9346733668341709 0.06532663316582915
32.500 0.9346733668341709 0.06532663316582915
32.600 0.9346733668341709 0.06532663316582915
32.700 0.9296482412060302 0.07035175879396985
32.800 0.9296482412060302 0.07035175879396985
32.900 0.9246231155778895 0.07537688442211055
33.000 0.9246231155778895 0.07537688442211055
33.100 0.9246231155778895 0.07537688442211055
33.200 0.9246231155778895 0.07537688442211055
33.300 0.9296482412060302 0.07035175879396985
33.400 0.9296482412060302 0.07035175879396985
33.500 0.9296482412060302 0.07035175879396985
33.600 0.9296482412060302 0.07035175879396985
33.700 0.9296482412060302 0.07035175879396985
33.800 0.9346733668341709 0.06532663316582915
33.900 0.9346733668341709 0.06532663316582915
34.000 0.9346733668341709 0.06532663316582915
34.100 0.9346733668341709 0.06532663316582915
34.200 0.9346733668341709 0.06532663316582915
34.300 0.9346733668341709 0.06532663316582915
34.400 0.9346733668341709 0.06532663316582915
34.500 0.9296482412060302 0.07035175879396985
34.600 0.9296482412060302 0.07035175879396985
34.700 0.9246231155778895 0.07537688442211055
34.800 0.9246231155778895 0.07537688442211055
34.900 0.9246231155778895 0.07537688442211055
35.000 0.9246231155778895 0.07537688442211055
35.100 0.9246231155778895 0.07537688442211055
35.200 0.9246231155778895 0.07537688442211055
35.300 0.9246231155778895 0.07537688442211055
35.400 0.9246231155778895 0.07537688442211055
35.500 0.9246231155778895 0.07537688442211055
35.600 0.9246231155778895 0.07537688442211055
35.700 0.9246231155778895 0.07537688442211055
35.800 0.9246231155778895 0.07537688442211055
35.900 0.9246231155778895 0.07537688442211055
36.000 0.9246231155778895 0.07537688442211055
36.100 0.9246231155778895 0.07537688442211055
36.200 0.9246231155778895 0.07537688442211055
36.300 0.9246231155778895 0.07537688442211055
36.400 0.9246231155778895 0.07537688442211055
36.500 0.9246231155778895 0.07537688442211055
36.600 0.9246231155778895 0.07537688442211055
36.700 0.9246231155778895 0.07537688442211055
36.800 0.9246231155778895 0.07537688442211055
36.900 0.9246231155778895 0.07537688442211055
37.000 0.9246231155778895 0.07537688442211055
37.100 0.9246231155778895 0.07537688442211055
37.200 0.9246231155778895 0.07537688442211055
37.300 0.9195979899497487 0.08040201005025126
37.400 0.9195979899497487 0.08040201005025126
37.500 0.9195979899497487 0.08040201005025126
37.600 0.9195979899497487 0.08040201005025126
37.700 0.9195979899497487 0.08040201005025126
37.800 0.9195979899497487 0.08040201005025126
37.900 0.9195979899497487 0.08040201005025126
38.000 0.9195979899497487 0.08040201005025126
38.100 0.9195979899497487 0.08040201005025126
38.200 0.9195979899497487 0.08040201005025126
38.300 0.9195979899497487 0.08040201005025126
38.400 0.9195979899497487 0.08040201005025126
38.500 0.9195979899497487 0.08040201005025126
38.600 0.9195979899497487 0.08040201005025126
38.700 0.9195979899497487 0.08040201005025126
38.800 0.9195979899497487 0.08040201005025126
38.900 0.9195979899497487 0.08040201005025126
39.000 0.9195979899497487 0.08040201005025126
39.100 0.9195979899497487 0.08040201005025126
39.200 0.9195979899497487 0.08040201005025126
39.300 0.9195979899497487 0.08040201005025126
39.400 0.9195979899497487 0.08040201005025126
39.500 0.9195979899497487 0.08040201005025126
39.600 0.9195979899497487 0.08040201005025126
39.700 0.9195979899497487 0.08040201005025126
39.800 0.9195979899497487 0.08040201005025126
39.900 0.9195979899497487 0.08040201005025126
40.000 0.9195979899497487 0.08040201005025126
40.100 0.9195979899497487 0.08040201005025126
40.200 0.9195979899497487 0.08040201005025126
40.300 0.9195979899497487 0.08040201005025126
40.400 0.914572864321608 0.08542713567839195
40.500 0.914572864321608 0.08542713567839195
40.600 0.914572864321608 0.08542713567839195
40.700 0.914572864321608 0.08542713567839195
40.800 0.914572864321608 0.08542713567839195
40.900 0.914572864321608 0.08542713567839195
41.000 0.914572864321608 0.08542713567839195
41.100 0.914572864321608 0.08542713567839195
41.200 0.914572864321608 0.08542713567839195
41.300 0.914572864321608 0.08542713567839195
41.400 0.914572864321608 0.08542713567839195
41.500 0.914572864321608 0.08542713567839195
41.600 0.914572864321608 0.08542713567839195
41.700 0.914572864321608 0.08542713567839195
41.800 0.914572864321608 0.08542713567839195
41.900 0.914572864321608 0.08542713567839195
42.000 0.914572864321608 0.08542713567839195
42.100 0.914572864321608 0.08542713567839195
42.200 0.914572864321608 0.08542713567839195
42.300 0.914572864321608 0.08542713567839195
42.400 0.914572864321608 0.08542713567839195
42.500 0.914572864321608 0.08542713567839195
42.600 0.914572864321608 0.08542713567839195
42.700 0.914572864321608 0.08542713567839195
42.800 0.914572864321608 0.08542713567839195
42.900 0.914572864321608 0.08542713567839195
43.000 0.914572864321608 0.08542713567839195
43.100 0.914572864321608 0.08542713567839195
43.200 0.914572864321608 0.08542713567839195
43.300 0.914572864321608 0.08542713567839195
43.400 0.9195979899497487 0.08040201005025126
43.500 0.9195979899497487 0.08040201005025126
43.600 0.9195979899497487 0.08040201005025126
43.700 0.9195979899497487 0.08040201005025126
43.800 0.9195979899497487 0.08040201005025126
43.900 0.9195979899497487 0.08040201005025126
44.000 0.9195979899497487 0.08040201005025126
44.100 0.9195979899497487 0.08040201005025126
44.200 0.9195979899497487 0.08040201005025126
44.300 0.9195979899497487 0.08040201005025126
44.400 0.9195979899497487 0.08040201005025126
44.500 0.9195979899497487 0.08040201005025126
44.600 0.9195979899497487 0.08040201005025126
44.700 0.9195979899497487 0.08040201005025126
44.800 0.9195979899497487 0.08040201005025126
44.900 0.9195979899497487 0.08040201005025126
45.000 0.9195979899497487 0.08040201005025126
45.100 0.9195979899497487 0.08040201005025126
45.200 0.9195979899497487 0.08040201005025126
45.300 0.9195979899497487 0.08040201005025126
45.400 0.9195979899497487 0.08040201005025126
45.500 0.9195979899497487 0.08040201005025126
45.600 0.9195979899497487 0.08040201005025126
45.700 0.9246231155778895 0.07537688442211055
45.800 0.9246231155778895 0.07537688442211055
45.900 0.9246231155778895 0.07537688442211055
46.000 0.9246231155778895 0.07537688442211055
46.100 0.9296482412060302 0.07035175879396985
46.200 0.9296482412060302 0.07035175879396985
46.300 0.9296482412060302 0.07035175879396985
46.400 0.9296482412060302 0.07035175879396985
46.500 0.9346733668341709 0.06532663316582915
46.600 0.9346733668341709 0.06532663316582915
46.700 0.9346733668341709 0.06532663316582915
46.800 0.9346733668341709 0.06532663316582915
46.900 0.9346733668341709 0.06532663316582915
47.000 0.9396984924623115 0.06030150753768844
47.100 0.9396984924623115 0.06030150753768844
47.200 0.9396984924623115 0.06030150753768844
47.300 0.9396984924623115 0.06030150753768844
47.400 0.9396984924623115 0.06030150753768844
47.500 0.9396984924623115 0.06030150753768844
47.600 0.9396984924623115 0.06030150753768844
47.700 0.9396984924623115 0.06030150753768844
47.800 0.9396984924623115 0.06030150753768844
47.900 0.9396984924623115 0.06030150753768844
48.000 0.9396984924623115 0.06030150753768844
48.100 0.9447236180904522 0.05527638190954774
48.200 0.949748743718593 0.05025125628140704
48.300 0.949748743718593 0.05025125628140704
48.400 0.949748743718593 0.05025125628140704
48.500 0.949748743718593 0.05025125628140704
48.600 0.949748743718593 0.05025125628140704
48.700 0.949748743718593 0.05025125628140704
48.800 0.9547738693467337 0.04522613065326633
48.900 0.9547738693467337 0.04522613065326633
49.000 0.9547738693467337 0.04522613065326633
49.100 0.9547738693467337 0.04522613065326633
49.200 0.9547738693467337 0.04522613065326633
49.300 0.9547738693467337 0.04522613065326633
49.400 0.9547738693467337 0.04522613065326633
49.500 0.9547738693467337 0.04522613065326633
49.600 0.9547738693467337 0.04522613065326633
49.700 0.9547738693467337 0.04522613065326633
49.800 0.9547738693467337 0.04522613065326633
49.900 0.9547738693467337 0.04522613065326633
50.000 0.9547738693467337 0.04522613065326633
50.100 0.9597989949748744 0.04020100502512563
50.200 0.9597989949748744 0.04020100502512563
50.300 0.9597989949748744 0.04020100502512563
50.400 0.9597989949748744 0.04020100502512563
50.500 0.9597989949748744 0.04020100502512563
50.600 0.9597989949748744 0.04020100502512563
50.700 0.9597989949748744 0.04020100502512563
50.800 0.9597989949748744 0.04020100502512563
50.900 0.9597989949748744 0.04020100502512563
51.000 0.9597989949748744 0.04020100502512563
51.100 0.9597989949748744 0.04020100502512563
51.200 0.9597989949748744 0.04020100502512563
51.300 0.964824120603015 0.035175879396984924
51.400 0.964824120603015 0.035175879396984924
51.500 0.964824120603015 0.035175879396984924
51.600 0.964824120603015 0.035175879396984924
51.700 0.964824120603015 0.035175879396984924
51.800 0.964824120603015 0.035175879396984924
51.900 0.964824120603015 0.035175879396984924
52.000 0.964824120603015 0.035175879396984924
52.100 0.964824120603015 0.035175879396984924
52.200 0.964824120603015 0.035175879396984924
52.300 0.964824120603015 0.035175879396984924
52.400 0.964824120603015 0.035175879396984924
52.500 0.964824120603015 0.035175879396984924
52.600 0.964824120603015 0.035175879396984924
52.700 0.964824120603015 0.035175879396984924
52.800 0.964824120603015 0.035175879396984924
52.900 0.964824120603015 0.035175879396984924
53.000 0.964824120603015 0.035175879396984924
53.100 0.964824120603015 0.035175879396984924
53.200 0.964824120603015 0.035175879396984924
53.300 0.964824120603015 0.035175879396984924
53.400 0.964824120603015 0.035175879396984924
53.500 0.964824120603015 0.035175879396984924
53.600 0.964824120603015 0.035175879396984924
53.700 0.964824120603015 0.035175879396984924
53.800 0.964824120603015 0.035175879396984924
53.900 0.964824120603015 0.035175879396984924
54.000 0.964824120603015 0.035175879396984924
54.100 0.964824120603015 0.035175879396984924
54.200 0.964824120603015 0.035175879396984924
54.300 0.964824120603015 0.035175879396984924
54.400 0.964824120603015 0.035175879396984924
54.500 0.964824120603015 0.035175879396984924
54.600 0.964824120603015 0.035175879396984924
54.700 0.964824120603015 0.035175879396984924
54.800 0.964824120603015 0.035175879396984924
54.900 0.964824120603015 0.035175879396984924
55.000 0.964824120603015 0.035175879396984924
55.100 0.964824120603015 0.035175879396984924
55.200 0.964824120603015 0.035175879396984924
55.300 0.964824120603015 0.035175879396984924
55.400 0.964824120603015 0.035175879396984924
55.500 0.964824120603015 0.035175879396984924
55.600 0.964824120603015 0.035175879396984924
55.700 0.964824120603015 0.035175879396984924
55.800 0.964824120603015 0.035175879396984924
55.900 0.964824120603015 0.035175879396984924
56.000 0.964824120603015 0.035175879396984924
56.100 0.964824120603015 0.035175879396984924
56.200 0.964824120603015 0.035175879396984924
56.300 0.964824120603015 0.035175879396984924
56.400 0.964824120603015 0.035175879396984924
56.500 0.964824120603015 0.035175879396984924
56.600 0.964824120603015 0.035175879396984924
56.700 0.964824120603015 0.035175879396984924
56.800 0.964824120603015 0.035175879396984924
56.900 0.964824120603015 0.035175879396984924
57.000 0.964824120603015 0.035175879396984924
57.100 0.964824120603015 0.035175879396984924
57.200 0.964824120603015 0.035175879396984924
57.300 0.964824120603015 0.035175879396984924
57.400 0.964824120603015 0.035175879396984924
57.500 0.964824120603015 0.035175879396984924
57.600 0.964824120603015 0.035175879396984924
57.700 0.964824120603015 0.035175879396984924
57.800 0.964824120603015 0.035175879396984924
57.900 0.964824120603015 0.035175879396984924
58.000 0.964824120603015 0.035175879396984924
58.100 0.964824120603015 0.035175879396984924
58.200 0.964824120603015 0.035175879396984924
58.300 0.964824120603015 0.035175879396984924
58.400 0.964824120603015 0.035175879396984924
58.500 0.964824120603015 0.035175879396984924
58.600 0.964824120603015 0.035175879396984924
58.700 0.964824120603015 0.035175879396984924
58.800 0.964824120603015 0.035175879396984924
58.900 0.964824120603015 0.035175879396984924
59.000 0.964824120603015 0.035175879396984924
59.100 0.964824120603015 0.035175879396984924
59.200 0.964824120603015 0.035175879396984924
59.300 0.964824120603015 0.035175879396984924
59.400 0.964824120603015 0.035175879396984924
59.500 0.964824120603015 0.035175879396984924
59.600 0.964824120603015 0.035175879396984924
59.700 0.964824120603015 0.035175879396984924
59.800 0.964824120603015 0.035175879396984924
59.900 0.964824120603015 0.035175879396984924
60.000 0.964824120603015 0.035175879396984924
